0.5 43.8179
0.55 43.3173
0.605 42.9974
0.6655 42.8859
0.73205 42.9883
0.805255 43.3776
0.885781 56.5528
0.974359 60.6583
1.07179 68.7668
1.17897 77.5331
1.29687 83.7219
1.42656 90.2958
1.56921 97.0861
1.72614 102.9505
1.89875 108.9088
2.08862 114.0184
2.29749 119.182
2.52724 123.6131
2.77996 128.5893
3.05795 133.508
3.36375 137.5838
3.70012 142.0596
4.07014 146.5004
4.47715 149.7
4.92487 149.7
5.41735 149.7
5.95909 149.7
6.555 149.7
7.2105 149.7
7.93155 149.7
8.7247 149.7
9.59717 149.7
10.5569 149.7
11.6126 149.7
12.7738 149.7
14.0512 149.7
15.4563 149.7
17.002 149.7
18.7022 149.7
20.5724 149.7
22.6296 149.7
24.8926 149.7
27.3818 149.7
30.12 149.7
33.132 149.7
36.4452 149.7
40.0898 149.7
44.0987 149.7
48.5086 149.7
53.3595 149.7
58.6954 149.7
64.565 149.7
71.0215 149.7
78.1236 149.7
85.936 149.7
94.5296 149.7
103.983 149.7
