0.5 0
0.55 0
0.605 0
0.6655 0
0.73205 0
0.805255 0.0103588
0.885781 0.0153531
0.974359 0.023558
1.07179 0.0330312
1.17897 0.0440675
1.29687 0.0573033
1.42656 0.0739974
1.56921 0.0949239
1.72614 0.119492
1.89875 0.148609
2.08862 0.184608
2.29749 0.22615
2.52724 0.276079
2.77996 0.328522
3.05795 0.393765
3.36375 0.468384
3.70012 0.546546
4.07014 0.630572
4.47715 0.727238
4.92487 0.823066
5.41735 0.926617
5.95909 1.01752
6.555 1.11818
7.2105 1.21225
7.93155 1.3086
8.7247 1.3937
9.59717 1.47275
10.5569 1.54523
11.6126 1.60708
12.7738 1.66506
14.0512 1.71327
15.4563 1.75603
17.002 1.79732
18.7022 1.82941
20.5724 1.85254
22.6296 1.88189
24.8926 1.89779
27.3818 1.91679
30.12 1.93017
33.132 1.94345
36.4452 1.94989
40.0898 1.96032
44.0987 1.96689
48.5086 1.97361
53.3595 1.97706
58.6954 1.98091
64.565 1.98448
71.0215 1.98714
78.1236 1.98893
85.936 1.99186
94.5296 1.9928
103.983 1.99361
