


































































































































































































































































































































































































































































































































































































































































































































































































































































































































































































































































































































































































































































































































































































































































































































































































































































































































































































































































































































































































































































































































































































































































































































































































































































































































































































































































































































































































































































































































































































































































































































































































































































































































































































































































































































































































































































































































































































































































































































































































































































































































































































































































56.3786
64.4427
72.9553
55.8195
35.9964
60.1285
43.2346
59.8264
42.9596
60.9802
51.1015
40.277
48.5407
72.1781
46.9681
42.8164
49.2093
44.6595
43.4308
59.7499
58.943
67.2798
68.6729
47.9462
40.7916
54.3518
56.1461
67.7113
55.0116
51.1513
72.2657
63.0621
51.1097
53.4019
57.5239
52.5778
37.6643
49.7753
57.6386
63.927
58.7618
50.4415
58.9437
59.1278
58.2677
53.4678
44.8692
41.6887
52.1837
66.9112
59.613
52.3888
71.5784
45.9978
60.6128
51.0148
51.1286
52.3751
41.1912
33.6609
62.5042
65.3114
52.0653
47.8866
66.5848
59.1048
56.0376
50.0738
33.0429
53.6968
56.9849
54.0366
54.3994
55.6647
40.0324
58.1842
43.6507
58.7416
50.6766
65.0983
48.4193
63.4247
45.7682
60.1247
56.6224
46.5971
61.4029
45.3865
54.6457
49.1862
41.6701
52.1451
45.0124
56.5121
42.2285
42.0503
37.3021
46.8242
39.0788
51.9717
57.9992
62.2927
64.8947
44.3289
50.703
57.118
36.7766
57.0881
47.859
49.5475
40.565
54.0505
55.3603
38.9865
42.8762
64.5775
51.5881
42.3406
44.6245
58.3566
53.0219
63.3755
54.2518
47.0698
57.0635
65.5801
64.3054
49.6199
45.8422
45.1984
29.0147
50.4267
61.1434
47.2619
48.4609
38.9365
58.9456
58.467
42.1648
53.5789
44.9201
46.6301
42.5719
43.9184
55.356
44.5381
48.1581
63.6933
29.1422
52.9767
78.298
70.3901
46.9647
46.9715
49.7737
57.5421
62.255
52.4972
42.5066
65.1868
56.663
41.8768
48.4938
44.4296
64.7062
56.0081
43.1643
54.1315
47.6856
54.7349
61.7142
42.7139
52.628
62.3913
55.6993
55.4962
48.6552
55.5404
46.7998
49.1103
67.5836
73.1191
55.0235
68.2747
51.7111
58.5296
48.7799
34.6917
42.3571
60.8012
47.2565
54.32
53.6772
43.2489
43.556
58.6528
49.8734
51.3896
50.6461
60.0001
56.6223
70.4934
46.8396
62.507
52.869
65.3127
46.1223
60.2459
65.021
51.8971
57.6177
49.5848
45.6412
46.1522
43.7986
48.2625
47.2044
54.2147
54.2208
54.1623
60.6592
48.0262
64.2426
56.8967
65.8139
46.7289
49.1891
55.8854
49.8743
50.5132
57.8821
58.7217
58.2729
47.3413
35.9244
62.4263
67.8329
68.4531
52.4096
58.3027
55.3366
67.5643
54.4432
53.3281
45.0568
53.4208
43.6939
56.482
57.3154
56.9868
48.8943
64.7617
49.6325
50.7008
54.2906
49.9848
60.4295
57.0573
65.4873
48.3277
46.9333
65.8111
53.1847
44.8695
48.5994
40.9081
44.5293
59.4186
65.6636
53.0285
42.9419
46.8826
50.9178
44.8903
53.6928
53.9111
49.5787
46.9181
49.8121
55.4845
63.2133
47.157
61.9413
33.6439
59.3408
33.778
59.6628
68.1178
50.4054
62.594
64.7572
52.0596
56.1865
58.9818
49.5877
56.632
78.702
49.9479
58.0116
43.2395
65.9745
36.1331
60.245
43.3219
46.8547
69.8222
50.3643
57.2518
52.8846
51.9604
62.177
50.521
52.067
57.9911
58.1739
43.1931
51.7177
54.0746
56.0104
51.6674
52.6604
72.2072
50.727
63.8877
49.9234
56.0539
65.0853
50.6904
48.2956
50.5072
51.6898
43.3678
64.4485
51.2556
48.1132
52.6056
44.9133
36.6903
58.8429
45.2682
64.1745
52.1743
55.596
59.0504
64.8507
45.7076
39.7816
48.3467
56.0574
53.5042
66.6021
52.7257
49.0685
51.5245
39.5761
50.1354
50.7932
53.0276
46.3193
48.3004
48.6855
60.919
48.4108
56.4762
54.2097
52.9752
47.8011
58.287
47.6505
53.6904
51.3946
52.4696
39.1385
70.8306
73.8653
56.5559
49.5209
47.4168
50.8364
63.3052
46.0587
55.4317
50.2586
46.8808
38.3629
57.7991
58.4735
66.4689
52.3254
51.7825
54.8934
54.7504
57.0301
36.6785
46.4628
46.8251
46.8219
71.7543
60.1236
49.4133
64.5579
54.118
61.9283
47.2883
50.7893
71.5504
42.0774
64.669
60.237
46.4739
50.6446
59.3967
45.7706
55.1605
51.4692
61.5246
46.0601
48.4821
47.9678
53.4131
63.2277
63.3017
56.0896
67.4055
53.138
44.9226
63.2551
39.1437
45.3012
50.1161
67.6401
45.9522
48.54
58.7557
47.3517
48.275
74.1968
44.5979
67.3562
54.3245
51.4648
45.8291
32.452
48.4062
36.0994
43.1915
56.1961
36.1174
61.4551
68.5638
45.5757
59.3252
49.5442
54.3909
45.9541
63.4491
54.2213
42.0758
54.435
63.9435
59.2172
63.0224
40.1785
51.2661
61.3125
35.2696
65.4774
49.9517
49.3499
48.0925
45.1016
46.3342
62.5303
58.1536
52.2855
54.8568
56.2456
53.3369
35.4477
49.7625
47.5616
46.1543
41.6452
48.5232
62.7455
60.6253
44.3986
49.6797
46.8474
66.613
59.5834
47.5763
56.6584
46.7966
45.7311
51.1202
33.6445
47.7156
48.1799
58.9119
35.4347
49.4841
73
61.1883
46.4402
40.0777
45.9115
49.3596
47.4098
55.7969
73.2266
53.4316
53.9814
52.9631
65.6678
48.7515
54.0543
64.0012
53.8341
46.3276
48.6974
58.9016
61.115
53.7932
44.2804
46.307
52.1018
35.616
54.8909
41.4444
54.1336
52.9268
70.8821
68.7742
53.5954
51.4289
51.0101
53.1772
63.1718
37.9446
62.3866
49.4251
41.9295
53.5692
68.5673
59.6773
53.7715
40.3609
53.3802
59.0301
73.665
51.8908
50.2239
61.1752
50.1293
47.9063
66.0728
56.8147
39.4307
46.6153
42.0093
57.1271
39.765
53.2356
45.4199
59.324
51.3961
45.6749
31.5025
51.7599
48.6562
51.4703
53.9418
51.9662
52.5415
50.8022
51.8134
52.0742
58.9907
57.2518
52.9153
35.7113
42.2687
51.0593
43.3359
54.8506
60.8985
48.6377
52.6358
56.9444
43.8899
65.8273
64.7696
41.3872
56.7768
64.4783
43.0596
45.7534
51.5884
57.467
47.6904
64.5502
49.5935
54.9401
49.1181
59.5163
50.3666
45.8167
53.1179
59.5187
43.6048
63.2242
49.1675
59.2654
62.6486
57.3877
48.4887
50.8046
44.4358
46.09
53.3418
43.5287
58.9416
54.1793
62.7086
62.121
67.5804
43.6977
40.8922
60.5399
65.156
58.01
55.5981
54.3029
46.9468
55.6296
53.8225
51.6425
50.176
57.5287
75.545
55.3806
58.8247
48.695
49.7911
52.3052
51.9261
51.5693
47.4799
69.4283
51.3462
51.9387
62.2339
48.2512
49.3933
49.4615
65.9204
57.8143
46.9796
54.9452
51.2948
43.1386
50.3245
48.6038
44.7028
55.287
40.0397
49.2176
56.2679
61.6759
53.7187
73.4846
65.5328
51.1167
54.8955
58.0529
65.7337
46.5298
42.1938
59.7696
46.0405
59.8986
40.289
46.1688
54.2478
64.8671
37.727
64.4078
66.5818
43.2584
50.6981
49.3063
42.1558
53.5691
64.4948
47.1179
59.0201
64.949
44.5608
60.1224
42.7365
64.391
48.6882
69.6125
57.6719
40.8706
60.0063
57.8172
49.1858
52.4544
62.0473
53.9631
59.6381
46.2562
48.8774
53.9718
55.8134
51.1914
59.6474
58.1854
40.0036
50.0032
45.062
53.3021
47.9309
68.3756
45.2915
67.555
55.3229
68.0993
34.0805
61.2319
48.0487
61.6989
67.9775
67.2459
42.6477
37.5782
45.2449
38.997
43.6069
47.7805
63.385
59.2341
52.579
57.5178
67.1245
70.4143
46.3053
29.8948
43.3895
57.7159
60.2553
60.2712
40.5505
49.0322
56.0075
56.2794
46.4693
58.0049
37.864
51.4076
48.2804
61.501
59.0411
59.0851
75.021
35.5678
51.9299
57.8667
48.1346
42.4016
50.0413
52.7317
55.6067
49.431
53.9264
64.8261
48.2454
58.2451
74.8732
40.5016
56.41
39.7157
60.2964
49.5161
59.0304
44.4698
64.1557
75.8602
50.2731
41.2409
56.1966
42.4166
52.1495
60.9523
51.8272
65.733
59.4777
43.9478
34.8077
66.8351
49.0596
37.9702
67.8297
45.0629
44.2042
50.4228
49.4336
62.2116
49.292
54.2917
52.736
63.1043
49.2527
47.4744
59.5959
50.024
40.3159
52.4296
39.9775
64.324
51.7244
49.9462
56.6524
38.0536
49.2094
48.0891
42.7398
47.6268
55.9171
35.7054
60.9144
38.7018
56.3005
54.3498
63.9477
45.0378
38.0369
55.5945
45.4238
60.7262
64.0162
59.6844
65.0416
53.3561
51.7523
55.266
51.2962
55.2711
67.6034
50.5449
58.9608
49.5009
51.5078
44.8749
62.8962
45.4582
55.5905
47.9369
66.5434
68.0606
60.0746
50.1873
56.3406
58.5799
62.9261
52.0279
54.6278
57.8607
63.2253
55.2485
54.4758
51.9594
51.0609
58.9312
53.9607
48.6325
51.0718
52.7793
65.3545
53.7353
48.0425
57.3338
45.7741
68.3686
54.1112
63.9945
57.6947
53.4425
62.3685
48.3106
45.5088
50.3426
41.6368
53.7992
42.5369
43.6538
36.8303
38.3391
53.8067
56.0491
57.5653
59.329
48.8835
72.5689
61.2601
56.1579
68.6763
64.0514
55.9964
48.4994
51.7424
66.2212
46.1687
59.577
59.4663
52.5988
50.5556
58.2275
45.6231
54.0682
47.921
46.9262
52.2033
54.9404
63.2949
67.0464
61.6502
44.845
46.1985
59.5472
50.9311
53.1444
53.9876
43.8559
65.245
49.3103
46.5028
42.6548
46.0767
57.4688
44.3477
36.6002
42.2081
48.1459
35.1812
66.4494
48.6336
57.8569
50.2101
51.6512
40.3033
44.6173
56.7068
43.1997
50.1192
42.8289
52.917
61.8429
45.9951
60.5613
61.2167
60.5208
67.8669
52.9162
44.0754
40.6037
53.27
50.9125
57.9292
59.5133
65.0179
43.6066
37.2643
57.3892
68.4528
58.1699
56.539
51.5332
47.2843
45.4805
44.993
53.4301
49.6624
38.9469
56.2445
50.1991
70.8065
68.5551
48.4
53.3411
64.606
61.5468
45.5957
52.194
52.7446
52.0433
45.5844
55.8919
62.3653
56.661
40.2242
52.3796
57.3509
45.4667
58.6545
53.4846
64.1191
58.8274
55.4779
45.8702
53.6408
53.722
59.7334
66.102
51.7263
55.6295
47.0006
56.8954
35.8491
50.2616
40.2059
48.6082
59.6979
51.0039
48.5421
53.7504
51.3417
43.1543
42.3345
45.4761
60.0097
55.8694
60.7871
50.5559
56.9633
41.1377
50.4735
49.194
59.8507
51.1315
49.4826
51.1817
52.4971
53.4243
39.0326
52.6533
45.2207
53.5437
57.1202
44.0919
56.2935
63.9507
49.3184
51.9988
62.2417
41.7899
34.7072
59.002
59.7857
45.0761
51.3428
45.0319
57.9229
53.5613
39.3195
63.5929
38.1921
56.9792
67.4758
63.453
45.9614
89.6229
58.1444
46.219
49.3742
63.3683
70.616
44.1691
52.5975
69.1563
39.0788
58.7404
61.8462
60.6047
45.1689
48.5773
73.0814
55.971
57.3441
60.5393
58.8875
48.6947
47.5113
48.5643
60.1091
46.1217
61.5136
45.3382
52.3538
40.3148
48.5115
54.0704
56.5104
43.8481
48.7094
61.5134
59.9364
40.6573
54.5579
44.3131
50.8676
56.1296
60.0099
52.1291
56.6433
57.1559
50.3015
39.4617
54.3142
56.9971
62.8701
58.4138
57.7162
50.7038
50.7919
42.9733
75.6136
46.4783
54.6238
46.5272
42.9727
51.4109
59.7525
49.6938
51.2136
51.7914
56.5465
55.8525
58.7799
34.5763
57.7117
68.3407
49.3047
54.12
77.2905
42.9788
59.6396
47.4472
57.4641
61.4372
51.5895
46.8895
44.2602
57.5138
51.1155
47.3452
58.1979
47.9586
49.0497
50.0178
60.3927
47.5505
55.1344
60.1998
55.0713
58.8052
85.2412
44.046
43.2902
63.7043
58.1868
41.0341
41.4834
54.2615
67.0898
63.2215
58.9332
42.1144
44.4875
38.7439
60.557
41.9585
56.2818
57.1686
56.4844
53.5455
45.1134
48.741
52.4428
41.2437
57.1796
69.1457
43.3269
54.562
55.0817
51.4306
35.2258
46.636
49.7697
58.0118
55.214
54.4779
46.2291
54.6913
34.9482
47.3982
53.2335
53.507
47.7821
52.7943
66.1487
48.623
44.0593
48.8266
57.7545
34.5891
49.7599
48.6054
72.3285
50.5783
51.0975
64.2509
43.0381
58.147
58.8669
55.1402
59.4469
50.6688
53.8626
48.933
62.1117
48.3998
65.3682
48.6361
57.9677
45.285
53.246
72.3446
48.936
48.8232
49.863
53.69
42.7127
60.212
76.8633
56.4767
42.8863
63.4574
53.9074
44.6399
47.3289
48.4891
52.7011
48.8639
64.6121
43.2147
49.5828
44.654
42.5062
47.6198
47.0007
49.194
58.1345
61.6378
54.2851
44.5554
54.2913
41.6402
44.9861
54.7585
50.9748
56.5975
57.6133
47.5591
58.7513
48.9366
36.9218
56.7373
46.4915
48.8773
38.6472
55.7953
51.7072
54.242
51.7584
51.9505
59.0955
49.4845
67.676
40.1657
54.7786
55.3452
50.475
46.279
55.7858
47.4694
62.0141
58.6106
55.1308
67.1292
59.752
57.0062
58.6021
50.2502
46.7458
51.7546
63.0043
53.9156
44.5117
42.2479
41.4511
44.6606
60.5961
47.1003
38.9083
62.9858
43.1099
46.7156
45.9667
39.589
49.1764
51.086
68.0685
49.9131
67.7048
56.7312
43.5115
50.319
51.803
53.8787
46.0632
57.7519
54.7532
69.2469
49.0009
45.6474
54.3466
64.1667
37.7102
59.539
41.5635
40.2883
58.839
64.5394
64.9493
51.6451
41.0588
54.905
54.2943
60.077
66.5135
66.9901
52.7179
60.3818
55.8466
47.8718
56.4147
71.0156
48.1338
46.0305
66.7716
39.3316
66.1704
46.5538
55.5539
67.3167
40.7108
67.0474
40.201
51.2841
55.1308
59.1274
57.4191
70.2374
66.6219
63.5155
34.5586
54.2757
49.0836
47.9696
45.0974
46.5745
60.6368
52.2612
47.8112
53.6381
53.6912
61.0516
44.3449
60.7381
48.5398
60.6334
63.2985
40.1824
57.5265
76.8765
64.5681
53.1194
59.4443
44.7121
66.8978
59.525
52.4395
42.7479
55.8174
54.4001
53.3194
54.9473
49.5389
44.7832
63.3692
43.2226
69.184
49.9979
54.8057
42.4472
44.1151
49.4713
63.3069
65.2269
62.1969
53.3355
57.9127
47.0383
50.8656
55.605
58.3025
40.6817
47.8598
41.5919
50.1512
60.1633
57.4477
65.4943
40.0073
47.0717
43.7478
46.6408
48.4488
39.0441
65.1543
46.7786
58.9734
53.8424
53.6063
39.6783
41.4817
57.1034
57.0596
70.345
49.5521
60.8515
47.6948
32.5045
53.8123
45.6515
54.7059
59.4927
66.2873
50.6386
65.0498
58.9399
61.2204
49.7106
68.3633
50.7803
47.4155
46.5507
55.3681
70.4017
47.7681
49.7864
50.4623
67.0905
58.7887
47.3639
56.1504
50.8422
61.0699
59.6297
63.4471
52.4894
46.4589
30.0712
76.3874
53.8961
49.5305
46.1521
47.9952
38.0765
64.9314
50.6225
60.2625
59.1562
45.0419
61.1712
57.4425
51.8098
57.4334
58.6224
60.3815
60.1218
53.9
66.3955
62.9796
38.8449
45.8161
49.5203
50.484
54.6671
35.5863
42.3766
44.5001
36.6965
46.1736
55.5521
59.2448
38.8899
50.6019
58.5748
50.7226
49.13
56.8105
36.1054
53.8062
60.3001
51.2081
42.743
69.1773
54.2521
47.0714
41.5208
43.6334
48.3039
55.7238
58.0878
44.4264
62.5227
35.3854
63.5656
36.6349
58.9874
57.3356
39.5445
59.3983
53.2825
70.6015
66.9659
52.4208
51.2052
64.5533
46.2483
43.6791
40.8501
63.5468
68.3865
53.557
50.1204
51.3823
55.4934
47.5181
54.6482
40.3348
51.0743
55.962
51.832
45.5311
49.9258
45.4211
45.9064
39.5636
53.3166
38.632
54.2207
44.143
51.9512
40.5906
54.2645
56.1654
50.1859
57.7161
48.6783
53.8574
61.6314
54.2803
49.8119
51.0313
56.6971
63.3644
67.1875
66.5198
59.3969
52.1135
61.4872
47.1463
47.3598
59.8978
58.9067
54.4174
44.4105
47.1678
44.4429
45.1564
51.7639
65.3717
46.9385
53.9541
53.1605
55.8425
43.5984
64.7969
61.3647
55.0188
47.8524
60.9011
28.1885
51.5366
47.5069
57.8862
53.3645
41.6204
45.1837
54.8019
57.8014
43.1017
42.353
54.3193
44.4035
45.4926
50.6254
63.7317
33.7256
45.77
45.4072
54.1131
59.7551
49.3697
50.1369
51.3573
55.3147
62.5383
56.4803
52.385
67.7815
62.7863
45.8269
47.503
53.9992
51.2327
61.4941
40.9603
66.3948
57.9816
39.6025
54.1083
45.908
70.6741
43.8394
61.209
63.6063
40.6828
50.6355
51.9924
56.0303
50.4594
62.4702
56.5848
51.8712
65.2945
55.4294
55.3825
48.5686
51.659
50.3121
49.5334
48.373
64.286
66.2963
51.2451
41.8019
57.0688
54.4632
40.2954
51.4679
64.8018
66.2387
52.4407
50.2754
57.1344
59.844
44.7136
57.4694
81.6995
53.6262
56.0608
45.4622
57.6451
59.5442
69.3757
51.8846
45.8249
35.7524
40.275
36.65
56.614
74.1784
47.6866
46.8415
47.9405
57.7533
66.6939
50.0316
69.8675
50.8141
79.4979
54.8422
46.9186
50.4149
57.3825
45.6948
54.011
36.9365
52.6731
41.7265
56.1833
42.637
62.0377
34.6933
55.102
48.9282
36.7477
72.7086
46.7182
41.6809
44.8883
52.552
57.3022
56.4859
55.4949
41.3013
50.2589
49.5686
52.1326
61.9451
51.2307
64.4161
45.9779
56.1171
39.4358
59.2456
47.7528
43.5616
59.2876
49.8981
40.9001
64.8839
49.7824
55.7587
36.0218
48.7641
58.8913
59.7696
38.8121
49.6366
54.7603
40.2685
47.0072
49.7713
63.5071
45.9317
58.3517
44.7325
62.6796
40.1377
61.344
61.3553
37.9009
67.1584
58.5514
49.2923
68.2319
43.304
59.2666
64.0025
60.9802
41.9167
52.5419
30.5963
49.9948
42.6712
44.6318
56.0727
68.1866
32.6946
82.6544
57.2441
37.5176
45.5506
37.0553
67.8907
39.5309
47.2966
56.8882
61.6325
55.4424
52.4692
34.4715
53.3349
61.0751
51.8992
66.449
51.3884
56.1813
53.714
59.5725
68.415
44.3289
57.375
61.613
47.0057
64.3388
56.9985
48.4849
41.0512
50.646
49.2895
67.7082
52.4129
49.8071
52.1738
59.654
59.911
45.0411
53.2496
66.8349
54.1333
52.8385
52.2187
53.8045
63.5291
46.3008
60.1818
29.5707
58.9442
51.6203
51.7879
33.587
51.1357
40.0164
51.676
49.6973
70.7041
52.3234
45.5944
38.9683
61.9312
65.2421
48.7456
47.6123
54.7317
41.9177
51.357
46.1436
33.0328
58.6664
43.2244
51.2937
37.2263
50.3261
55.6618
53.3886
56.8849
45.6548
51.7537
56.0211
41.9604
68.6312
61.0301
34.7548
48.3494
41.6654
52.299
45.0326
45.3323
54.1251
46.2772
57.7013
64.901
47.2152
48.5926
61.5767
48.2683
58.6618
56.8788
51.9282
60.2176
67.5428
69.1942
39.557
60.8064
61.4752
46.1478
66.3567
72.2343
56.3523
59.8131
49.8343
60.8319
62.175
48.918
45.9819
52.422
43.5591
42.7592
62.5921
66.8099
49.9005
43.3094
59.3497
65.0578
61.8295
57.8394
63.7906
46.7543
56.3147
45.7725
62.2498
59.9499
49.3763
58.62
46.8468
51.7156
44.5859
58.5341
50.8364
49.5216
48.7436
54.0395
54.4118
40.5271
39.9969
50.6707
51.278
47.0052
45.0102
60.4369
53.3109
37.8509
60.173
53.5424
38.5923
57.8449
46.8142
64.951
40.2024
52.2969
53.0619
33.7088
54.3913
66.2767
46.1255
60.9242
56.9795
51.7388
42.4171
47.0795
57.5394
48.9097
55.3316
59.3496
41.6133
54.1275
38.9945
43.732
56.3415
56.475
57.5702
60.8737
63.6795
61.5464
52.5953
59.4507
47.6828
57.3928
55.5184
52.9101
60.2679
58.8379
55.403
38.7999
56.3919
53.8198
41.5119
55.5738
56.5303
63.1098
46.8008
51.5897
40.0405
65.0934
65.4454
58.6217
59.9171
47.0403
71.8575
44.2846
64.8323
39.8155
57.3184
57.7325
52.1028
56.4173
56.7719
64.3174
48.9876
33.8554
41.3144
52.0287
54.042
51.6788
58.3712
46.6207
59.3385
51.3429
56.4934
59.2216
46.2663
53.5295
48.2609
58.216
60.5169
54.0006
58.5101
27.4209
64.3367
50.0065
55.1797
48.1456
62.4732
48.8807
45.7125
58.1234
63.298
54.8213
51.9074
50.3077
39.7509
45.5103
40.2191
60.5729
66.8861
44.6954
42.8187
50.5398
47.4047
56.2599
62.462
60.1328
37.1414
42.6977
56.1648
46.4155
64.2422
38.1661
52.844
47.893
50.1819
63.5044
64.9495
64.4641
40.373
56.2462
34.7992
54.7163
57.7606
60.6274
53.1198
58.5428
49.5315
51.68
68.3696
49.1557
52.4364
47.8129
52.8711
49.2488
68.3741
46.9743
56.0252
68.8142
71.3749
56.8305
56.9539
48.3215
52.4319
68.3017
48.8648
49.2078
48.3848
53.4228
46.556
55.9251
60.5623
44.0898
39.7617
51.8071
48.9026
60.5504
57.6031
37.0689
43.2876
49.7631
44.4619
51.0424
49.1914
62.5549
42.56
55.2105
40.3866
69.9853
42.814
39.0745
54.0401
41.9584
65.5291
50.4335
45.8481
39.8188
58.9241
53.2645
62.1185
51.1006
49.4788
78.1312
49.6845
60.8862
73.0949
43.5834
53.0546
47.8778
65.2571
55.5266
54.398
67.4801
53.4781
56.304
41.2645
75.0916
57.4883
54.6564
56.4314
40.3859
43.0299
55.4985
56.8367
63.4368
66.3659
57.084
62.2573
39.981
40.5191
43.1858
55.1945
55.7292
36.7484
45.1177
51.4994
58.1053
45.4025
50.5975
48.2574
72.9609
61.4661
48.2448
62.003
46.0744
63.0231
53.0422
43.4926
55.7706
56.3242
55.5365
60.7794
44.7844
61.5457
62.1051
52.4219
64.9177
64.7624
60.8039
60.4606
57.6657
69.5567
59.9411
47.8821
57.1418
65.1055
45.9456
52.1095
44.81
59.1327
60.0683
40.7097
56.91
46.5935
64.088
66.1481
42.2731
41.2748
52.2544
50.6167
49.8975
40.5972
55.8775
59.5296
48.4939
46.4385
47.0655
53.1402
62.8276
61.9124
68.5295
61.0202
47.7463
40.472
45.4581
57.1196
57.8241
45.5876
49.5344
43.2786
61.8644
41.1836
45.3523
49.4249
61.6155
48.5165
47.9912
36.9929
51.946
52.7791
56.9091
50.9438
50.1555
56.2861
47.4368
88.4357
62.8076
44.7293
54.5617
60.2008
50.89
44.6024
58.8352
42.1977
48.8312
52.874
62.0091
47.9842
64.1516
60.5542
56.7155
47.8244
66.557
57.4014
61.7458
65.0392
61.2628
37.6305
41.2978
72.8045
61.4
39.3335
46.7969
49.1354
55.2679
53.8212
53.846
62.0726
51.6891
44.9928
66.5426
44.9022
61.1203
71.6436
56.0847
58.2974
65.1552
51.6432
42.7097
56.387
54.7837
46.7505
51.1094
58.7243
50.0426
59.244
45.3204
61.8188
60.3067
45.1898
42.8537
50.9419
52.867
60.3412
68.4952
51.5156
64.6426
46.0946
54.1711
49.9778
53.2692
75.2532
44.5943
41.9662
64.4907
53.2827
62.4183
30.9554
39.139
49.1102
39.9107
64.4994
60.8974
54.1227
50.7759
48.1524
71.0035
44.6968
60.4634
55.3855
50.566
50.7902
39.301
60.6403
78.2077
54.0538
42.3677
40.2107
47.3273
64.573
59.1208
66.5505
55.327
43.334
53.0674
44.7384
58.5009
56.2356
50.9479
43.4241
42.9869
57.0704
40.6118
52.621
65.0149
60.0666
54.4738
60.7724
63.3266
38.4313
48.7927
58.9499
46.2456
59.2594
50.9829
64.1519
62.6329
48.5565
50.2434
60.8454
44.9906
42.1486
49.9633
72.8059
48.7097
48.736
53.5196
50.6846
58.9662
61.9915
43.1492
50.9517
32.5844
57.0241
64.828
37.5582
50.8986
61.8233
63.9636
44.5642
49.4519
58.8033
56.5004
62.8404
41.0025
51.143
46.6111
45.2216
44.9596
52.4219
64.3633
48.5163
40.5812
49.5706
50.3161
52.9894
49.3233
48.0337
45.333
50.4155
65.8915
54.5602
46.7987
56.2491
50.3685
58.8787
43.3915
52.2156
42.584
49.1935
57.9831
41.8035
49.5824
53.9499
56.1394
51.5379
50.9147
65.6085
52.6536
51.6569
57.8643
47.5062
53.7474
53.2221
66.5925
57.0825
52.7246
49.931
60.4843
34.1564
53.3568
62.5518
51.4574
62.4252
49.7678
48.8663
58.6764
40.361
67.364
43.7034
37.5829
46.5153
43.6291
53.9536
53.4726
51.0574
45.9614
48.3535
63.4824
52.9523
41.3865
57.9682
61.8865
52.9
45.2366
47.7787
55.3901
61.6197
43.9824
41.5457
46.6899
66.1486
37.4776
56.407
58.3033
63.4693
59.601
59.7235
62.5263
60.4803
52.1958
54.9238
43.8888
44.9797
51.2024
61.5549
49.9455
56.3394
48.3954
56.8257
69.7814
38.8372
58.5247
65.6355
54.4062
44.5658
72.6727
59.4609
50.7418
67.498
42.8405
52.6311
53.743
57.2688
56.6599
55.5036
72.0706
51.2247
63.1522
55.7407
71.4407
42.908
42.9301
52.7052
59.6695
52.2649
42.7948
45.8777
55.2341
52.3174
48.5359
55.6729
54.4627
44.2195
35.4224
45.424
64.2101
54.0676
66.5134
46.1481
49.5153
57.6675
44.8303
53.8816
37.2545
51.849
46.38
62.0642
58.792
56.8369
49.5325
57.483
55.3864
48.3637
56.6738
64.7117
45.4517
50.4482
56.4169
32.272
53.5651
56.9629
43.936
64.6953
45.8054
55.1073
56.9356
57.8158
44.7962
71.302
50.0129
56.3197
56.101
71.7967
74.5692
53.5485
60.8372
54.8737
50.4233
49.6683
84.6248
50.4342
51.9897
62.542
55.0736
44.2788
55.7089
57.6322
59.2078
56.5602
44.9846
46.4304
47.2087
55.193
59.5507
54.9709
52.8214
65.1964
60.3796
43.2232
57.0291
52.7907
63.8845
51.3192
38.5033
57.8067
46.1273
53.3434
54.887
48.545
58.7156
67.4241
52.0249
41.6827
70.0226
51.7539
51.685
56.8474
59.9493
36.3744
52.4009
48.2572
49.2388
52.0443
39.7344
58.5951
53.1185
52.5193
61.3257
50.2394
49.0175
43.0396
71.4821
58.8315
59.5045
45.9861
55.7308
65.0591
61.5005
48.2958
60.0816
51.201
47.0685
52.9495
45.5744
48.6618
50.7538
72.6699
69.1077
70.5131
57.9383
52.5577
57.6215
61.5016
39.3095
54.7532
63.348
60.1155
47.2096
49.4377
54.1615
55.6778
63.6252
58.6939
63.1233
43.3301
66.2774
53.9049
58.8881
38.8839
52.5192
62.5609
48.7801
62.4346
70.0304
51.4674
59.4795
56.8434
57.2898
46.6075
40.5972
51.5025
50.1176
44.6444
58.7703
42.6393
44.8026
55.4941
62.1701
43.167
74.1786
52.7069
51.6032
73.7905
55.2637
45.5875
55.8473
67.8123
58.5855
52.4375
57.0547
50.9792
39.4351
58.4053
38.5334
62.7593
54.419
47.2323
65.7904
42.8503
54.6615
50.5727
54.2395
59.6498
53.9089
48.0932
47.474
57.02
41.9146
67.3814
46.1072
68.6708
43.8437
40.5025
41.5948
28.1181
49.3004
53.1915
49.001
67.4283
43.7017
68.9861
50.7935
36.2159
61.1611
53.2449
66.5627
56.1439
43.5767
50.757
49.9084
61.0489
66.8549
63.1865
64.6497
54.826
48.2268
52.531
44.2707
58.1388
79.8483
58.95
52.0026
47.658
50.0898
53.4475
51.3494
46.0135
50.3831
49.8128
49.0622
53.8526
55.738
47.9049
42.1134
35.8838
42.4692
45.0013
39.646
50.8677
45.8078
46.282
75.2936
46.8431
30.6288
51.5261
56.288
54.3929
54.958
58.2829
65.127
50.597
48.2505
54.9451
58.34
55.8232
44.7756
45.3832
49.853
51.935
50.0374
55.7299
46.799
60.7647
57.1887
39.1616
52.5905
39.1093
48.3451
51.2279
66.0343
57.1991
47.3278
44.6703
62.0164
54.1608
66.1742
56.8422
42.0815
53.8397
73.6536
54.0949
43.72
47.2997
51.3802
47.206
55.4954
59.9505
52.6217
74.7513
58.5962
47.3983
48.7165
55.521
51.6834
51.0764
52.0064
63.3709
49.9076
49.8511
48.5088
54.9558
60.3678
46.1103
56.8964
38.5682
31.9177
42.7324
28.6533
49.7295
47.9957
52.8114
39.2314
53.1689
54.907
47.5717
43.777
43.5464
51.2352
55.3306
58.6149
68.5016
33.4108
51.0219
50.7706
62.8152
46.7879
56.0358
56.5505
47.7811
35.1015
50.6913
62.1259
57.4736
51.3986
32.6096
52.3305
49.6501
71.4101
44.7494
69.1173
50.5367
61.3914
61.673
51.1723
59.3934
40.5885
54.6844
53.6838
46.531
43.6677
48.6998
51.0308
56.0235
48.73
43.7555
46.6961
42.1513
49.628
50.5399
48.8524
54.0033
62.2359
51.852
62.1246
49.719
56.775
53.0482
49.4285
40.6718
50.8254
62.8687
58.9184
60.7547
58.8879
39.2852
59.7593
51.6699
54.9259
53.1885
52.0055
36.1907
44.5929
51.9003
51.6878
44.7643
48.3289
53.7743
53.8614
42.8948
53.3024
60.1093
46.8041
53.4053
46.0374
55.891
58.6466
57.1564
57.7284
51.7789
47.4224
53.4526
46.0793
49.4766
57.2632
43.341
36.7141
47.3391
40.9369
46.0364
41.9836
64.772
56.7902
65.2371
56.3522
52.673
60.8266
54.68
47.1995
54.2821
49.8733
61.9212
50.3351
49.6042
41.2233
51.5307
60.724
60.7273
60.2824
52.0568
50.1636
58.5079
42.8844
60.1292
42.4005
60.4123
52.7416
64.2451
63.5837
37.1688
63.5349
49.5268
30.7643
48.5236
56.5122
56.0534
60.2143
48.9214
61.0283
56.3955
48.9486
64.1834
46.4302
52.9686
54.4352
60.6221
61.6449
68.7263
60.0018
47.8216
38.9963
48.1088
49.6058
55.2601
45.7812
46.2002
46.8683
61.3511
40.5837
45.9809
34.2515
69.4105
48.941
40.0394
54.744
57.5106
58.4967
75.9547
49.715
54.8
37.3174
69.6436
50.3423
45.1526
48.2906
45.6659
69.6199
40.5087
47.6262
43.7714
51.4984
46.3293
55.7058
58.3376
47.67
60.2921
61.6553
53.7382
57.4061
53.9186
45.9174
58.1093
56.1507
58.0898
44.9332
60.5182
42.1319
64.7066
33.9921
56.8281
50.3441
46.6638
48.6068
55.6125
60.4197
57.7334
75.1482
60.6287
62.8508
49.3454
55.342
54.1243
48.9864
63.5722
54.4782
45.7276
44.3046
56.9585
50.0545
41.7672
66.5326
76.5444
63.257
50.5547
56.0438
56.2303
54.7003
40.2814
51.9033
41.0706
63.1737
63.451
42.6428
45.2624
57.0443
68.6967
43.8277
40.3654
59.3656
48.0961
50.5342
38.8961
47.8614
30.5681
66.4626
45.5694
50.2949
49.9093
68.3745
49.1622
39.9651
42.9763
62.0272
38.8067
57.3362
60.4057
47.2574
45.0489
48.08
49.1066
53.3819
57.7723
56.2632
28.0179
39.1818
53.9483
48.9882
48.6171
52.2268
53.9587
58.5936
65.9369
60.0127
58.6093
47.8831
51.8118
39.9836
64.5775
54.9721
71.244
49.8942
57.9149
54.981
48.7471
51.9374
44.0686
55.3876
68.0663
47.4135
62.3512
57.6185
56.9823
43.8427
39.8507
72.9908
58.2187
58.606
59.1042
51.1586
36.0474
43.5246
45.4775
46.739
54.1494
48.9375
46.0637
55.8685
63.4976
58.6389
54.8846
34.6456
50.2264
65.6473
55.6898
38.1706
59.4538
71.9531
44.2132
51.3131
64.8987
49.7444
62.6905
58.9796
71.0439
48.8794
56.825
36.6433
56.2326
58.4348
53.6987
49.1226
47.1516
47.0306
46.2599
39.3776
51.963
64.356
51.6272
54.2204
52.5719
41.1973
40.6417
54.1585
61.2583
54.2261
62.6594
61.5616
48.8762
62.3972
55.2889
67.9754
49.592
62.9797
53.3795
63.172
46.4678
55.936
47.3925
47.7615
52.3498
53.0738
57.2952
56.0289
51.1962
59.0931
46.9642
52.8982
44.9652
44.343
58.2617
61.6745
45.3037
38.9789
38.8246
35.6911
58.3747
53.4625
46.4621
61.5183
39.6664
58.1102
65.2513
53.4925
55.3746
63.9496
47.4259
51.5236
50.6383
42.8936
50.5305
54.9817
55.0926
59.0815
55.2301
59.9896
51.8847
63.0409
54.798
49.6865
57.1603
45.5538
60.1065
47.2196
38.9436
49.4737
40.0396
38.2656
53.4746
59.5871
55.3797
41.5111
44.6052
65.3768
61.5492
50.7989
62.5283
68.8895
62.9632
36.7145
46.3429
46.7829
75.6556
69.2473
42.5157
61.0764
57.4802
41.1282
74.4286
52.5106
54.6886
52.8612
59.5038
39.5413
43.071
56.5049
51.3312
59.4543
50.8113
43.0329
57.7889
50.7299
57.8605
44.5079
51.441
33.5974
62.6384
57.7881
52.8735
52.929
50.4662
57.6153
68.8963
42.3276
55.8772
51.6964
46.0988
69.2545
67.3556
46.1285
41.8392
62.6563
42.0274
71.578
48.0803
44.0378
48.428
43.1486
50.0553
48.0988
61.4048
46.3881
58.6596
44.4195
54.6352
66.6304
57.9602
43.9587
42.9863
41.0368
85.5213
58.3986
45.5912
65.1235
41.0574
58.838
54.6134
46.1848
42.1485
56.6906
46.3212
42.5834
48.1748
62.0028
36.0857
45.1798
38.8104
46.2671
44.3655
47.0974
40.9893
46.132
82.6571
46.5904
45.4534
66.6548
49.9381
51.4262
73.7829
52.2301
42.4075
41.1342
35.26
55.1492
44.8622
43.3487
42.7578
55.3591
62.3516
69.3911
40.3755
63.3725
59.3868
51.6093
29.8648
61.0427
60.7205
31.0555
51.4027
50.8076
61.0632
50.5044
53.2317
45.9989
50.0002
40.8733
54.0129
36.7087
55.5049
45.8817
58.4693
57.7051
47.6658
56.5201
62.3371
49.2012
37.1146
50.0589
52.5185
45.0295
54.9566
61.5369
43.002
44.3837
55.4829
49.8657
59.7949
47.2861
52.1541
61.8256
41.9998
45.5039
53.1544
48.9816
40.2593
52.0998
65.4874
52.5634
60.5804
49.0822
47.7042
47.2565
39.5322
56.6199
48.4983
57.3051
49.6614
51.1621
40.092
45.2284
53.1126
64.6061
58.5769
56.9037
73.6418
52.6139
68.2012
48.9079
43.8452
56.039
51.1809
62.1193
38.2441
51.0998
60.0539
58.0417
49.682
52.71
51.3487
49.7115
45.5587
40.6524
56.1684
49.4235
63.5909
47.8979
51.1234
66.5465
56.6014
60.6835
52.3599
63.0805
66.4033
53.5633
60.5328
61.9869
54.627
59.0196
52.3972
51.2254
41.1341
53.8526
48.6249
53.1185
57.242
52.5351
60.8218
48.8325
55.1009
59.4972
56.5648
61.7396
49.3453
56.898
46.6928
56.7813
64.859
37.4002
50.4297
39.4621
54.2413
58.2197
52.5125
51.4737
74.7538
47.9391
46.1056
58.9734
57.6926
33.337
35.7327
57.646
68.9436
67.138
65.3871
60.6058
59.2475
63.8282
41.8137
52.8239
49.526
50.3489
48.9113
46.0247
58.3569
58.8419
53.3494
51.7926
51.5355
56.1899
44.0671
55.2944
47.8539
56.7272
45.524
49.9937
52.531
58.9331
42.5984
53.134
62.7869
47.3508
45.9216
44.7779
64.4021
45.5478
64.4439
54.3276
58.6258
45.8075
56.5482
43.6133
51.1277
64.4955
68.3807
61.8751
41.744
50.5602
54.6014
58.7895
66.8132
54.2882
66.4608
45.8796
54.4985
51.7997
48.835
40.5745
59.1343
56.3866
57.8119
37.0251
41.7601
44.1201
62.5201
60.1344
54.6868
60.7187
49.7202
44.8592
43.7032
56.0024
61.2925
61.0428
45.3137
53.2004
54.6333
48.8041
39.8119
44.9951
35.1374
31.6305
38.0702
50.7017
48.6542
50.9558
44.1788
67.1174
54.0171
57.0603
46.6369
54.0227
43.9673
44.4502
58.9158
69.1606
51.9749
72.4875
61.5766
55.9957
38.1667
50.4602
48.0784
49.958
52.7162
60.081
60.5609
66.7232
61.9768
52.2227
59.937
40.3552
60.7788
65.8429
48.6622
55.6
63.6731
42.0125
37.3909
50.7164
59.4525
53.9829
69.0908
49.7094
54.375
42.8415
58.7529
55.3094
52.5424
39.3008
49.0969
60.7018
39.6477
56.3607
44.658
54.7343
36.2654
71.5605
65.5194
53.258
54.4177
53.5287
52.3786
47.2405
62.9144
44.5083
48.2152
52.1037
50.9669
51.6789
52.0059
48.5949
48.4333
57.154
58.6787
55.0905
66.7465
44.7098
51.0046
50.9018
64.4017
41.256
55.407
44.0379
63.3822
47.5484
54.6795
60.2358
54.4432
61.6372
63.0568
54.0351
49.0523
58.9149
58.5423
50.4971
50.0356
46.5247
59.1713
46.4775
59.8347
51.8489
56.3401
59.0167
47.1121
56.1807
56.6997
56.6896
52.4905
42.5352
40.2941
59.3983
53.931
45.5096
52.4844
65.6565
44.443
58.7863
43.4027
57.3451
45.1958
56.3936
54.7722
55.6189
60.6585
41.2707
73.1193
35.0028
49.9153
67.4533
42.816
44.4786
60.0824
37.5699
57.1908
67.7677
48.0809
48.1123
51.3187
46.2865
54.4501
48.4516
49.2193
51.1386
56.3138
43.3061
44.174
48.9967
41.8544
39.1711
42.4408
54.2021
56.6935
72.6557
37.2537
48.9566
51.0103
35.2718
70.6053
48.4605
59.8466
53.165
37.5845
56.2093
56.8772
43.308
58.154
62.9052
77.631
37.4352
46.4259
44.4618
51.4454
57.5549
53.6576
46.566
56.2393
64.5312
51.7927
61.8227
51.8874
54.0744
41.8538
56.5515
42.4645
59.1294
42.7078
67.6223
47.15
48.9034
49.3236
64.3196
38.7794
58.6096
34.0998
63.8437
53.179
70.4853
41.2884
50.1258
49.2747
46.0898
46.8026
54.3805
48.2155
64.2274
72.4721
57.0852
40.7718
60.0919
64.1617
57.616
45.181
52.8733
71.0101
68.2556
64.7097
60.8039
58.5559
44.9396
45.7871
61.4409
52.6524
50.5456
62.7717
48.2324
68.8433
49.8852
66.0793
65.5323
56.6252
69.0892
58.323
62.3402
48.25
59.3882
58.1417
58.263
67.5891
58.2109
46.5611
43.9885
50.2081
51.2444
49.9423
50.4196
43.7611
50.0931
48.9336
52.3536
50.759
30.9682
48.7747
56.4318
59.2898
49.3393
39.4065
45.7097
56.8268
42.9695
57.0102
48.4233
49.973
51.8999
53.2283
43.2686
46.6704
41.371
47.3807
60.473
54.6257
60.2307
54.7256
43.2867
58.3351
58.0696
35.2649
54.5804
30.2737
52.473
43.6852
50.0774
68.7753
52.7804
56.0285
43.4317
51.3402
50.9823
63.51
51.682
63.502
57.9908
59.0773
43.3083
66.2588
45.6536
49.5788
43.4554
32.9414
53.7927
51.885
59.4501
58.6675
54.3512
57.858
38.0132
55.9626
56.3007
38.0281
63.9898
51.7444
38.9083
44.1845
54.5262
53.9405
51.4002
45.898
56.9652
51.038
45.6925
56.0275
53.8367
74.4295
37.4393
49.6928
46.7156
69.3162
54.6945
56.1108
53.3834
53.4755
54.7156
56.0991
58.9647
57.6144
51.4235
63.8019
51.1455
44.2094
47.3708
38.929
52.9344
50.8621
38.3785
64.2396
64.1569
66.2749
62.269
41.4238
46.7786
58.8421
59.96
60.131
51.7366
45.3827
52.6439
52.0621
46.0317
52.8647
52.9606
56.5886
49.0557
39.7602
68.5135
70.6752
52.1966
52.3385
45.7145
42.7036
66.7733
59.2889
52.95
63.6813
50.8284
58.3561
43.454
59.6683
61.8488
52.4778
59.9805
56.2007
42.3124
63.6885
47.9262
55.5604
57.7225
44.7907
57.391
52.4189
49.5341
61.837
51.9767
56.1173
49.2309
47.1061
59.7213
56.9805
49.1564
41.0365
46.1427
48.0692
58.7922
48.0504
54.8948
81.1324
55.0898
48.701
56.6361
59.4258
68.1269
64.2632
44.5401
50.3048
37.4098
50.387
46.1104
68.3334
52.261
53.8394
38.4241
41.5386
57.9742
55.6711
58.0459
67.0791
47.0913
48.9445
64.6564
63.4065
62.7401
79.9012
63.0954
47.3482
45.2622
47.0047
60.9892
56.3222
39.5489
56.9773
50.5643
49.2378
51.8202
47.0459
53.6376
58.4002
61.4779
61.4486
48.3432
56.9673
43.1396
40.9384
51.1799
46.4734
57.0355
49.0626
52.7432
55.4588
50.2743
65.8819
55.1158
45.0288
53.5286
49.6295
42.9904
52.0913
57.7996
50.0279
60.1301
51.0776
58.4431
69.997
61.7685
56.7632
68.9384
69.5163
43.3534
53.3977
57.3424
44.917
63.289
53.0117
60.1962
53.8021
60.6074
59.2363
61.8397
52.4149
74.1418
48.2955
49.2531
41.4411
60.6118
45.8674
60.0754
45.6697
60.1978
53.288
51.6315
39.175
64.0172
67.4884
56.9988
58.45
48.5692
54.2688
45.181
44.9389
53.7651
55.4181
52.3782
49.14
60.5699
47.956
52.1654
55.6278
44.2692
48.3407
64.3554
51.6335
51.4517
47.9202
48.7434
53.6337
50.4663
57.1717
48.6603
54.9208
35.6882
53.254
63.1364
39.105
63.8014
53.5499
59.1333
69.5227
38.8533
45.0854
63.8873
67.3341
48.3928
45.8037
38.9038
52.3517
65.6917
48.9981
41.0485
38.2235
46.1286
52.3092
48.4103
60.9804
45.7642
70.4227
41.4818
50.3733
49.5111
51.1663
59.7049
66.1251
63.4085
64.7419
52.3227
64.8911
53.1857
67.0956
43.6275
55.2648
64.4571
63.1451
47.7074
63.6914
47.3735
43.1977
60.1042
70.3842
52.1985
45.465
51.3043
64.146
60.6899
51.9599
46.2894
62.9681
53.1716
46.6151
48.2798
58.9794
53.8031
44.0834
52.3238
50.4822
46.4068
58.9973
56.7287
55.0517
47.8124
46.1193
51.8897
58.4812
49.139
62.1333
58.0861
61.7915
60.6833
53.5527
50.6079
49.4679
65.986
73.0857
51.4783
38.74
48.9922
40.8875
44.6222
41.6133
59.1269
58.0854
42.8727
58.9661
57.1551
63.1675
51.4089
49.1341
66.3612
53.1185
49.4577
37.4122
70.0066
64.2437
58.1412
66.4285
77.7865
77.1849
51.9125
51.9906
49.2579
60.699
55.1878
36.6589
65.9472
43.6624
55.3572
61.9962
38.4171
51.8509
54.2841
45.6691
69.9799
44.677
46.1764
42.7538
46.4718
56.075
54.8565
48.7837
63.9068
56.1022
51.2566
43.4262
62.5722
59.171
60.3724
58.1663
44.8941
40.3827
55.5828
52.7706
42.3403
49.9952
39.0663
58.4746
40.5333
76.9292
55.3499
52.3164
56.559
66.6323
56.1686
42.2207
53.8523
54.4204
44.7905
51.4556
64.2675
60.5084
56.129
41.9234
65.3275
55.6947
66.1266
59.3166
63.0683
54.5475
59.3499
54.9204
55.9352
59.1232
54.5506
52.8075
58.9139
59.8082
47.4338
54.8303
45.5198
52.6108
66.1898
46.6434
49.0621
66.1713
52.5938
43.4328
70.9318
52.595
56.4777
47.0471
56.5888
52.251
35.7936
58.6905
58.5447
40.7677
50.9024
62.0376
52.3562
50.8239
46.7033
49.6744
50.1287
50.7378
42.3917
47.3242
45.7274
47.9141
45.3099
39.5457
52.8176
58.1248
73.2759
56.4719
60.3545
43.6535
68.6203
42.5082
63.8137
44.0246
58.1011
34.2305
64.5043
48.6956
54.6936
56.6696
49.036
51.5044
48.7967
63.7805
53.4595
64.7422
52.1602
58.5709
42.9256
40.9989
62.9442
46.9216
41.6565
54.1091
52.4516
44.2617
53.753
41.4307
52.0314
65.8671
47.7917
55.8704
50.8871
51.1318
47.7836
61.9147
33.369
42.2114
50.0821
58.4169
42.4713
47.2199
43.2412
52.0624
61.5764
49.9091
59.5797
54.5272
45.2565
51.7699
51.65
51.6157
39.482
56.3457
51.5576
53.7836
43.3761
44.6997
64.981
58.9539
45.6299
67.7586
55.3537
65.4198
38.986
66.6691
55.0928
41.5328
54.4139
66.8491
64.7743
55.7671
67.4997
67.8282
63.555
56.3828
57.4564
36.9122
52.1442
58.1299
59.1381
43.8059
45.3721
42.9344
54.5998
31.9796
41.8118
44.3205
40.5848
46.8434
47.8783
67.3261
43.8869
65.0644
49.4271
51.0283
54.452
62.8715
48.5671
53.8004
38.5721
57.3804
52.7698
66.757
58.5301
55.5215
44.6392
37.5681
56.8965
33.9403
39.8429
56.1569
51.2977
48.0073
49.7346
49.3201
38.7251
43.5205
47.4215
48.0195
60.9982
59.6371
48.6981
40.6394
53.2543
72.3223
44.1543
51.8622
48.9842
45.3803
48.9075
57.4809
53.2466
58.902
59.4616
60.9868
61.3648
59.72
57.2352
45.9781
41.2843
37.6749
47.2522
31.8828
35.5341
50.9383
59.0424
49.7483
56.5121
48.958
53.2098
44.3033
57.2659
57.061
37.8436
37.3692
52.2584
53.5104
43.253
50.1506
43.5235
70.8242
48.8065
42.5177
45.5692
51.559
40.555
56.5358
57.3285
70.0853
59.1702
41.3186
37.6682
43.024
41.0021
65.5763
45.1227
42.2184
54.4419
39.1485
57.4867
52.6412
53.4859
51.6772
56.6593
46.9255
59.9109
50.3527
69.7058
67.8961
50.27
49.7478
74.3328
37.3108
49.1221
57.346
56.5547
55.313
76.4687
83.7811
57.7195
47.8958
38.4258
44.1574
60.1113
67.3426
48.4661
49.9139
54.4271
47.9153
41.273
61.0905
67.2613
59.3414
48.6659
50.4769
56.7805
61.2985
41.1388
62.7155
66.9985
45.5956
54.7659
52.682
55.9146
61.7508
45.4245
59.4267
43.1454
51.6713
44.693
42.7313
63.1686
52.6044
46.9652
69.1449
56.6836
56.1041
57.8672
42.606
76.4187
38.1616
57.8122
56.2282
54.5529
45.9985
69.5958
69.4637
46.3494
50.5515
53.5131
64.0007
53.3496
50.3987
56.7349
58.0404
49.7739
45.8545
71.1491
36.3057
48.216
41.2566
55.6825
50.3688
40.3802
66.4105
68.3731
57.574
46.3035
52.0197
62.4017
50.7353
54.0854
50.5145
58.3083
74.0076
39.3037
57.4872
40.641
47.6822
56.9623
48.6726
55.2512
49.6356
48.2014
46.137
53.0722
42.9788
49.7367
34.8487
58.2973
53.862
56.3658
60.5419
46.9387
56.8553
44.2702
55.801
37.5782
50.8805
33.1121
56.1601
65.4671
49.2164
42.7082
54.0986
67.0197
52.7255
56.6246
47.8478
59.6886
56.9333
52.1473
52.5295
56.1601
48.1732
51.2012
68.4013
57.151
46.6709
42.1687
50.1422
49.6894
47.1498
42.803
63.7575
66.8821
50.5934
73.8325
61.2005
76.8477
55.9146
49.609
50.9919
57.2405
55.1752
53.6994
56.4923
67.601
53.0599
39.8039
56.4819
54.4906
55.458
45.2071
43.9046
46.9579
48.0879
50.8101
57.9612
54.6926
58.4109
53.0349
61.4239
50.3538
46.5191
57.0818
49.7677
57.0029
49.3761
45.4301
61.1133
60.7281
51.1044
44.2723
55.1603
56.7633
61.0083
53.1138
51.9603
57.1944
50.4377
35.9736
60.8125
52.0844
90.9249
54.7105
48.5996
44.2519
61.7817
46.4228
61.4091
60.0434
52.5327
63.5215
79.1662
58.8207
43.3508
44.5763
43.5178
59.3773
45.6414
42.5357
64.9074
47.9549
49.5784
43.1594
68.1146
35.0568
50.8558
45.9984
54.6226
41.3117
33.5908
63.1164
43.2226
49.9267
39.4376
36.6395
38.6323
43.7142
40.6827
63.4795
35.8622
38.6185
46.0768
49.0166
51.6366
29.786
51.0965
39.1793
71.8188
45.9892
54.3298
47.0247
49.276
64.2005
62.2974
43.7375
42.0241
38.9734
67.0882
59.0079
56.7114
44.1478
54.6143
42.4085
64.0161
55.7041
52.8688
48.0185
47.7008
59.1499
47.2225
57.5713
59.8348
50.3155
60.5395
30.5097
45.5792
51.7284
63.8548
66.3732
51.6863
46.7989
43.4287
47.5095
51.6129
78.5796
62.9759
41.5998
36.713
62.9006
63.3193
55.6911
48.9777
61.055
48.3071
50.078
40.3528
49.0722
41.7159
40.0435
30.6288
55.8337
59.3799
44.7027
52.344
52.1577
48.3892
49.4291
51.1194
50.7808
47.9893
42.9256
70.6228
50.3842
70.6064
57.0813
48.2381
40.9797
54.9796
49.4207
62.1217
55.858
53.2836
63.2888
61.8729
50.7388
44.5521
49.1578
62.5074
51.9408
53.9585
64.7208
65.7776
54.5829
44.7902
46.4288
56.4869
73.9589
47.3668
67.7554
52.6347
44.142
55.7987
55.1769
49.984
51.0987
52.8517
49.1585
53.7761
61.961
61.8365
47.8643
63.9181
54.9027
49.7016
70.5439
46.8365
58.1509
50.3582
43.9171
69.5092
47.241
59.6122
39.8344
52.6247
52.9751
50.5989
60.4289
51.1575
44.8425
51.7589
44.4822
51.8711
49.9311
56.6929
46.7455
59.0424
42.0808
50.9705
58.6482
57.1261
69.0773
56.7185
51.8674
54.0837
33.7758
48.1369
57.4781
54.6599
48.9963
61.3932
55.3066
53.3224
43.2476
52.6708
62.189
42.1442
43.7192
43.7491
43.9426
59.1823
58.286
50.3626
61.2165
54.1409
53.3913
71.0918
47.3791
48.3455
54.3875
54.1769
39.737
55.4923
42.7066
56.6552
56.5573
52.3085
43.719
48.6163
70.815
69.4406
60.3002
47.6409
52.8922
40.7667
52.6669
46.5551
50.3502
57.0908
45.743
51.5221
49.7381
64.3247
62.4584
69.7685
59.9561
53.4323
54.7267
39.0906
58.9916
58.5295
51.5131
42.7365
70.9329
62.0285
58.3406
56.6726
58.3437
61.3945
56.68
65.6704
37.7689
60.6947
45.642
53.7386
53.1282
81.3254
55.6192
61.954
57.618
59.6376
57.3414
57.0874
65.1002
53.5176
43.7675
49.8735
60.9332
51.8751
40.901
58.2548
53.6172
48.1265
74.0104
63.0363
65.7848
44.4313
47.6543
52.8627
37.8053
56.6467
37.0328
50.6213
52.2525
60.8784
55.2916
81.5088
52.9529
45.6374
41.8914
50.4582
61.8047
43.9305
47.4742
65.2824
40.6206
50.5852
63.8291
54.6103
63.0681
36.7633
59.6485
50.1199
48.6103
38.9366
44.5062
47.4743
43.55
39.5069
54.4431
43.5942
42.0431
56.897
55.4204
52.0335
49.3195
66.0398
66.1138
51.6736
49.7029
41.7696
53.5623
58.3235
57.5217
47.4507
53.8703
44.8613
48.8502
46.796
57.7592
48.1636
59.8436
40.5049
63.6504
47.354
51.1008
35.8663
51.6637
44.0901
54.6207
35.1387
61.7138
48.8572
61.2534
67.692
49.5099
60.2084
35.4323
49.4549
40.9079
46.8942
65.0272
47.157
58.9667
55.4321
58.0622
38.5553
60.8931
33.6121
53.2377
56.9017
55.8373
67.0867
41.3723
49.7498
46.888
35.5211
59.6638
50.0434
48.0276
72.8668
50.5951
65.2994
55.2042
59.9045
52.8658
52.0549
54.8669
51.3979
62.8074
43.5621
49.8709
47.7546
65.1375
62.4883
65.2692
51.5781
51.7963
54.7716
57.6347
44.5625
56.0696
41.7072
54.2433
48.9408
58.9794
51.7118
37.2348
53.2034
65.4991
57.2665
44.4884
50.2737
72.1427
39.8681
39.2313
43.9241
69.8676
43.0338
40.3419
53.9743
50.0165
65.2093
44.3118
63.687
62.2339
52.3503
68.1442
57.07
65.7049
45.7746
75.8821
63.3051
35.7763
43.9479
59.8884
36.7972
53.1327
46.4919
54.0944
78.2557
41.3184
59.0699
49.6931
54.6095
53.6689
53.1395
47.6606
52.6469
54.2135
54.591
47.7047
59.6446
60.0514
45.9679
61.2494
53.3987
58.5209
51.6153
60.5337
44.5292
57.0938
62.2445
58.5812
57.5071
39.5915
51.0758
51.4082
52.733
56.4822
52.8693
58.4364
40.9478
57.071
62.1043
61.6473
59.7872
32.5571
50.6487
68.0497
56.9782
49.8033
60.7001
54.1205
60.2725
67.2445
32.1837
40.7238
42.1275
45.0276
54.4604
58.7443
62.7292
66.2401
44.3017
39.5958
62.2113
47.5163
46.178
56.7508
42.8288
59.819
58.4893
54.3538
43.4993
38.3878
66.4496
39.5153
52.4246
48.595
53.3237
45.1338
67.7278
35.8084
67.0846
57.4887
54.5978
56.4325
40.8241
48.5756
61.8548
52.2532
61.0951
59.1879
52.5583
42.7555
39.7908
64.8259
54.5781
50.62
48.2656
50.3371
50.2359
50.2908
59.2044
55.0977
67.3569
48.5028
56.9011
57.9789
59.5195
41.663
53.1489
50.6402
46.9269
65.5802
54.9556
62.2446
47.7232
47.208
59.9086
45.1986
64.7903
55.7048
56.1729
58.0069
58.8939
48.9152
43.0965
53.6111
49.2343
55.2403
48.541
47.4282
42.6012
54.0972
68.3706
44.4807
43.9874
44.5664
41.1846
52.5213
75.3922
73.9052
51.076
41.1043
65.5773
66.2583
38.1474
38.0212
59.6885
60.5585
62.852
57.7667
58.173
61.2628
62.5549
53.4866
64.0448
61.1835
44.2578
71.4017
46.2906
50.7934
47.6442
65.9714
60.0011
60.7414
45.3848
69.1025
53.03
55.3109
41.0473
58.6508
65.5716
43.1098
63.6923
53.1233
57.1154
62.9788
45.1548
46.7807
37.8596
71.3088
56.2184
48.7863
37.4217
67.8958
71.1757
55.8968
43.6572
55.1941
58.3732
50.0201
59.429
50.9387
47.1852
61.5796
74.7784
68.1093
61.0686
48.372
62.8152
45.638
53.3668
46.2704
63.9757
50.6549
50.1729
51.1422
49.4364
41.2628
52.5049
52.3577
46.716
42.4052
41.5366
54.5126
63.3781
52.582
54.9105
63.3028
64.0627
54.6614
59.8273
47.9977
66.6216
60.4996
45.747
48.5658
40.4309
46.5883
60.0618
60.6977
54.0955
60.3803
49.3283
54.3494
50.4279
49.7497
53.4571
63.9562
61.2854
58.5935
70.5015
49.7234
49.242
56.842
53.8405
48.0046
68.3365
45.654
52.4826
52.9435
48.4698
49.1979
66.634
52.445
40.2736
78.942
68.9331
50.6599
49.9092
48.5292
70.6444
49.6915
51.8583
67.4903
63.4065
39.457
50.6429
49.1674
56.4317
62.9233
48.2495
44.4724
56.3783
51.8921
41.1388
54.5776
44.1687
57.7257
57.3993
53.9027
47.9856
43.9732
55.2857
54.0601
41.2523
45.0451
39.7224
49.0726
44.7446
42.6405
49.0757
61.855
51.6572
53.5495
50.721
51.3003
45.7073
54.042
48.6859
52.5201
62.0917
49.8463
55.6617
65.0458
56.5553
47.5291
57.2715
39.2728
41.0779
58.5538
49.976
56.7672
41.9204
54.1797
47.1206
63.3188
52.708
49.431
52.2659
63.0275
62.0625
55.1568
42.9276
55.0767
61.5704
84.0252
49.0258
63.6637
54.215
55.5093
54.1661
54.5014
36.2404
49.7285
50.8926
51.5999
61.3195
54.781
51.0067
56.5443
46.784
59.7629
48.7335
55.5528
46.8282
49.9373
50.5077
52.1005
51.1359
39.8286
74.2384
52.818
52.475
50.3296
45.2622
51.5275
61.4726
37.589
56.7071
52.7255
60.8944
53.1586
54.9698
59.2938
56.3375
45.984
48.7275
34.0502
51.9996
47.4214
44.8254
66.4073
35.6516
44.9788
49.3535
65.3541
42.4738
62.2242
56.1007
52.4915
61.4685
49.4872
55.205
52.6971
59.4024
60.2721
60.9379
56.9727
62.8089
46.2336
42.7857
56.6246
51.7419
59.6448
63.7337
59.5879
82.3526
61.2787
59.0451
56.3797
51.1544
65.9842
43.4041
66.6437
62.4935
50.1352
49.3531
56.8108
41.9662
50.5756
52.8437
49.4293
37.4376
35.2847
63.5553
50.6097
42.4252
53.401
47.1195
37.3253
36.8982
47.5784
44.3846
54.6249
51.968
55.575
48.1791
52.4383
55.6847
46.9954
42.5452
55.1687
38.1161
51.8453
65.1611
64.3913
53.2318
51.1633
73.352
55.1024
47.7118
62.8736
38.5761
47.1696
54.7233
56.9022
56.9883
53.9758
59.8127
49.0308
67.2466
59.6009
62.1834
69.5489
49.7341
75.1625
48.6395
53.6187
51.6956
63.6697
39.2482
65.8186
39.7614
67.8163
56.425
38.0407
33.6008
52.4258
47.8939
46.8387
48.7089
55.8006
54.8394
29.4024
51.5065
38.2025
53.2526
56.3641
57.6048
44.8644
54.6955
68.7717
42.8295
59.6893
52.1806
61.9418
40.7211
36.8297
58.706
54.2984
55.8588
46.3878
51.8386
34
53.6615
57.2569
46.5723
70.5488
60.1718
61.6326
49.0582
59.4239
60.5005
44.4761
50.4718
46.0275
63.5694
63.7957
46.3523
37.2682
59.4215
47.2983
38.2386
56.7207
64.0399
59.2041
56.1989
71.5614
51.3415
54.5607
58.3338
52.6215
49.214
62.8974
66.5018
48.3172
46.4741
64.1657
48.636
47.3021
41.6649
55.735
50.5149
65.2471
74.683
57.899
54.2745
52.2757
44.977
49.1216
47.7278
42.3547
57.7564
47.0343
62.9677
46.0746
58.8198
57.7257
42.6629
53.2845
47.0151
59.3255
55.018
46.5391
38.891
59.3488
59.4386
52.2313
39.8102
48
75.1803
43.7439
59.8921
49.6367
47.8554
45.5509
62.557
53.3889
50.3904
40.8135
62.6727
33.2587
59.6097
53.3515
61.7726
59.366
51.3996
50.1373
49.4965
52.5409
55.2836
51.3406
71.0145
65.9994
60.5562
44.5992
48.0637
55.5691
53.2787
45.0912
48.6991
50.6663
39.6948
50.4717
61.2442
58.7148
48.612
33.2708
47.9557
61.3392
47.4623
57.6937
49.8068
38.1475
58.7497
57.0049
47.0543
49.5364
40.1696
45.704
52.2517
59.4784
43.7257
47.1683
65.7528
51.4121
51.3203
52.0587
57.2126
53.241
48.1482
56.2389
46.8559
51.7221
58.2977
43.2789
51.9275
51.261
67.2298
40.6394
51.1558
55.0618
41.688
51.4086
45.0717
56.913
55.0036
50.6039
39.0917
58.0616
62.7678
34.1656
43.1575
40.8418
49.9386
57.1873
50.4827
58.1039
45.3983
49.5744
43.9084
60.7105
38.282
48.7163
43.9198
31.4809
45.4977
50.1496
55.4995
53.2385
44.5412
61.0048
53.216
37.6247
48.5766
58.8266
54.0923
63.5586
55.3721
53.334
39.6818
66.497
42.3949
62.3996
60.529
46.8884
49.4382
41.5531
57.0955
49.4613
46.7648
51.7339
62.5155
49.5352
55.4838
40.731
48.0465
45.9753
67.185
50.8961
56.3677
60.1671
41.1355
46.8787
59.372
46.0293
63.3181
56.5542
48.4314
43.525
47.0275
47.8467
51.5407
45.0113
48.8752
69.2227
43.5983
53.25
46.2369
47.8455
49.5883
42.0165
51.6291
64.1854
56.0222
56.9705
44.9517
47.596
45.3534
44.6054
24.3038
36.1261
54.8794
49.6777
60.2554
58.4836
51.4031
42.4344
53.7376
47.5164
52.7402
57.4941
54.4933
50.9774
41.7793
57.581
64.8596
52.8441
58.031
50.7755
53.6267
47.7384
65.2709
64.8642
48.3601
56.6188
44.0529
38.9439
50.7191
51.468
44.1393
49.9392
46.7033
45.5193
50.0503
49.6184
55.8415
56.4271
46.2201
52.8942
43.505
53.7769
41.5959
38.2731
44.1243
57.5782
62.4169
49.1931
56.3018
49.219
57.6784
47.1513
60.4068
43.8801
51.3147
45.9511
59.058
45.3261
51.6744
63.8025
27.1922
59.6421
50.1047
55.3426
48.2971
58.8565
67.2318
42.277
47.3754
69.6786
45.4489
63.0092
50.0475
36.963
65.2608
59.1345
40.5583
45.7533
48.883
42.2907
34.2562
73.8912
46.3014
57.3401
39.2315
40.1802
61.648
41.1158
39.4653
35.3953
38.5553
55.5295
47.1226
49.2392
60.3
52.7801
58.1541
46.8296
46.678
50.4594
48.5227
47.8015
54.6113
54.9407
52.4005
59.9156
53.3376
46.3757
58.4177
64.1
54.9838
62.3465
38.7014
49.0122
60.4568
59.5414
40.8118
52.9639
61.7242
55.2707
53.6144
46.603
57.1004
51.4927
63.1025
54.9203
54.7486
82.7038
52.5028
49.8643
60.421
62.7091
49.8149
50.4062
48.9009
59.0052
47.0581
66.3868
56.9348
45.5608
79.4341
55.2384
62.0937
53.5925
64.6829
47.3193
54.5648
63.4156
52.794
42.4464
54.1656
36.0383
52.0079
48.0891
57.3965
65.9378
43.8691
61.5965
61.9034
62.9199
66.7689
68.39
41.9288
66.6065
59.0988
50.3475
45.6794
36.9435
52.142
48.9821
45.9307
47.5543
57.5515
69.0235
53.6277
62.5996
58.7332
43.9394
52.7673
42.3688
56.0803
61.5004
46.075
55.2778
36.7237
55.4999
41.6
58.914
50.7194
51.4485
49.4038
55.1781
47.3771
58.1076
44.0777
43.9507
41.4661
63.494
47.7764
44.9069
45.1213
60.566
45.5497
59.6035
61.3774
61.7848
46.1297
58.044
48.6419
45.2852
51.2193
57.7832
44.0014
43.9288
56.4392
77.4718
66.5195
53.3649
56.4093
65.388
58.4552
63.2851
41.8609
57.4207
49.3375
57.0198
52.1931
48.7261
37.2971
45.6941
49.2867
50.8149
54.7686
52.5083
53.6986
52.5238
59.0465
68.3732
46.477
49.8365
60.5397
43.9203
59.4368
50.0411
46.9117
54.4143
56.3727
70.9582
57.8596
57.8759
47.1364
46.8394
59.3668
41.7091
46.0202
53.4061
64.6316
56.2913
44.2571
43.4863
54.0501
40.8377
45.4156
58.1804
44.2358
56.8128
48.1031
71.6473
59.4566
51.0404
56.2597
66.8619
45.0874
60.0277
59.4002
46.9315
52.1541
42.4198
45.8743
49.7932
41.5076
48.9544
42.0429
54.6964
50.3203
54.7108
59.5953
57.7918
62.2574
55.326
41.257
67.4463
38.1192
52.8428
45.0237
35.6324
40.8533
54.0981
57.0971
46.3377
60.4202
50.6683
63.0466
60.4211
51.65
30.4166
51.1509
61.4539
59.2765
53.893
58.9754
54.8292
61.767
47.1653
59.2055
58.0945
75.182
60.6884
48.9307
56.1543
79.5357
49.0901
60.1873
60.4562
52.7964
69.1388
58.8476
44.9031
62.7561
53.2202
56.8933
66.7082
58.7029
61.9094
61.3832
56.3145
59.6242
52.1996
61.1208
33.9761
59.9513
43.6491
46.1145
47.9644
62.361
48.6465
63.8481
49.5595
67.0473
50.1845
54.6173
56.911
55.9741
52.9694
61.2494
50.6493
45.7809
45.5792
43.6053
50.7437
47.597
44.8185
57.0628
47.1021
36.0738
51.7758
46.578
62.3302
64.0165
29.8624
48.8238
47.3283
49.6325
49.8217
57.6869
48.4638
43.3184
72.893
57.82
65.8523
54.1398
49.179
42.7953
49.4481
52.0325
63.8131
54.6979
59.5865
52.4401
49.8687
50.4794
51.5969
43.3394
48.4249
51.279
67.86
59.9065
48.7719
58.6051
56.3974
45.2063
49.0372
38.4328
63.5297
49.7473
47.0636
56.6863
52.2003
75.2908
44.3765
57.0818
32.6614
51.6434
69.6533
50.2436
37.7888
49.74
61.6804
47.3641
50.641
82.9719
47.9189
55.9089
53.0673
47.5783
60.1389
36.1654
46.6531
51.3337
54.5503
47.048
49.1895
65.8151
60.6251
47.9153
47.2934
56.9488
49.8644
47.2113
56.0078
50.801
63.3096
40.932
58.7989
46.342
52.5837
43.7443
55.4847
63.8211
53.021
51.3866
48.2183
60.0607
56.3217
38.8215
52.8436
53.5888
53.636
60.5612
66.412
55.6886
58.6463
36.3787
67.6664
51.7237
52.1747
50.0699
49.6186
53.7227
50.6451
66.7309
61.0409
66.6399
54.1513
60.4748
65.6406
49.5323
51.7348
55.728
64.517
74.6891
51.3124
46.2462
68.4883
48.0742
58.3532
45.4201
58.7934
35.532
51.5746
47.8851
35.6723
46.5331
45.0049
48.4036
59.1324
41.7305
51.6177
33.5539
47.9752
70.7741
73.6941
61.5496
43.3388
56.5083
55.5232
61.6914
47.018
44.8322
62.2311
43.884
51.5273
56.715
46.6417
58.1374
62.4159
50.7411
43.0694
53.1749
51.7134
57.4192
44.6938
35.6118
59.0659
45.9902
53.5973
58.1101
51.5619
49.3784
43.2344
57.8654
62.9702
42.3356
50.0543
40.4069
69.843
61.3298
67.4514
56.8361
66.9908
44.8335
55.7087
64.1478
42.5239
42.8174
57.2899
53.8223
56.2859
36.1867
48.3602
64.2555
52.3392
47.7221
57.6899
56.4643
54.2535
54.0896
49.5534
67.6777
59.8228
57.5124
44.1914
51.1468
63.4316
51.3023
58.5608
55.8861
41.7638
44.0914
61.6661
44.3026
48.7631
33.1882
44.7758
44.7622
46.1792
58.5676
42.2648
46.8648
58.6896
53.3869
64.3915
52.4852
60.8838
51.3626
42.3706
49.8024
45.3719
58.0287
68.0593
53.2825
42.3922
44.9195
39.8342
38.5308
46.6182
48.0511
38.9704
61.6262
46.8313
64.566
51.335
42.454
49.1023
66.8267
50.5021
57.9796
56.3073
64.6201
57.647
51.3559
59.8022
55.8952
53.6765
73.0231
62.448
53.0423
57.7143
55.6835
59.5119
59.5472
46.5375
57.651
65.3813
44.9281
59.1948
57.5117
70.8136
56.1043
47.5137
56.9291
42.9627
54.5914
67.3623
64.4293
53.8428
62.6964
54.7996
58.5767
66.7291
55.9331
54.3725
49.9962
49.0393
62.7625
49.4183
49.7612
50.5536
59.5943
48.1725
43.8588
53.2103
54.1877
37.5046
49.8196
61.2672
56.2254
63.7056
57.1367
50.2909
51.7052
48.5617
58.8053
49.7894
45.5702
43.8498
47.9535
54.3598
65.8665
58.4516
46.3404
66.122
59.8717
64.1212
49.9608
59.1173
67.7241
46.5489
60.4135
59.9779
55.6325
50.1938
49.5327
55.1768
61.2543
61.8054
53.1811
63.4976
65.0579
49.6813
37.8753
51.864
60.8529
56.0087
52.2657
51.6768
54.9122
51.8127
63.0883
49.8409
54.8196
79.6443
63.3699
58.4008
54.5323
50.5006
54.3427
44.1999
63.88
61.1057
33.8287
39.3287
55.3092
55.938
56.3911
59.3629
55.8595
65.8106
52.6599
62.9576
47.7166
61.231
61.4362
54.5644
46.7633
60.0264
58.1434
46.1754
53.24
54.9085
60.6835
50.5828
66.0407
58.8978
58.6086
51.8105
48.2176
58.1681
49.9712
49.1121
46.9702
46.1169
52.7601
59.3068
44.1664
50.1042
52.0904
57.7268
63.6746
60.3564
53.9659
59.0531
53.9763
59.6675
49.3405
52.8206
38.2264
78.4548
58.8261
67.7381
46.7974
70.0594
52.3586
68.1903
55.2158
41.948
54.4258
54.5675
44.1512
51.1078
58.4736
57.341
48.0567
63.3692
56.3916
40.173
48.5242
60.0564
64.0328
54.6184
52.6739
55.3441
51.8481
44.607
63.6111
60.849
58.833
57.8721
50.451
37.5368
40.7017
55.6038
47.149
45.0241
52.6535
77.6976
68.4466
52.4913
50.4766
51.0887
68.0515
42.217
43.3361
50.2076
58.6469
53.9709
50.3279
60.7916
76.6249
57.1455
78.2095
40.8192
50.7371
39.0649
71.2939
46.3371
57.7034
58.5718
43.3716
49.5193
52.8283
48.3877
57.8179
51.9946
51.7482
51.9734
47.7515
58.5868
47.2383
43.8869
50.0414
63.1059
38.9805
39.6167
44.686
59.8405
50.5502
55.3714
54.1323
44.0661
53.9771
52.0251
67.853
32.7179
50.8821
53.3328
35.4931
49.9726
70.0316
43.7939
47.426
59.0898
65.8569
34.3246
52.5383
62.0264
45.2831
41.509
61.0597
66.8364
61.8295
47.5418
68.7139
50.9631
44.2233
61.0843
42.2035
50.2474
48.1682
45.7209
36.4673
62.4325
65.3323
57.7818
40.3446
49.1762
44.2115
47.3295
55.636
67.3146
63.1895
51.2701
51.8247
47.9274
47.8315
40.1214
52.9192
64.8383
48.6746
66.3856
81.3379
48.2685
64.1299
48.4688
46.1711
53.4645
58.0473
64.6837
42.6158
54.1614
67.8401
55.6267
57.7287
50.9835
44.1887
46.5618
48.37
42.7137
48.3164
51.6803
44.973
43.8358
57.1133
59.1891
45.2253
53.5995
47.1077
50.7133
66.8969
56.1295
76.992
64.314
45.9492
51.8395
43.5568
53.6931
58.3401
44.4783
77.9163
48.9935
47.708
55.76
49.5534
35.0186
41.1723
51.2844
53.4185
46.9353
56.8947
56.4516
59.2779
58.6496
62.248
48.6933
62.2082
45.5025
29.6598
39.1377
45.5918
52.9092
57.5952
54.3249
53.4019
52.5125
52.5068
51.2308
69.3409
43.2596
48.2618
55.3585
68.734
54.4807
52.1956
55.5889
46.6347
64.4418
56.8272
53.8836
64.8583
52.4584
47.779
55.794
72.5465
42.0572
59.2042
67.8545
65.8915
48.2684
70.7234
40.6881
55.9642
41.6833
61.3042
60.6452
50.8422
57.7955
58.1797
57.1743
45.3581
59.9613
53.3571
71.7808
35.0433
44.1535
44.7443
47.4669
47.9028
57.9511
35.6757
58.4122
38.7997
65.3019
52.4938
42.6837
55.6945
62.6611
54.5497
39.9271
46.0962
34.6432
47.0455
40.793
63.5635
62.2224
46.1084
40.3564
54.3573
50.9643
46.7641
63.0222
53.2642
48.5217
65.6547
69.0786
57.3349
57.7151
52.3637
47.8172
48.1851
59.9633
54.8211
53.22
57.2202
76.4958
53.91
56.7548
57.4941
39.6155
50.7762
58.8024
49.7045
61.8276
42.5995
68.5385
50.7536
31.4749
42.2237
50.2934
48.7578
56.2839
48.0623
53.6437
49.1738
70.5607
56.4302
36.6683
73.0008
53.1379
54.6069
58.5458
52.8351
43.2009
59.0437
64.7846
46.9525
59.1234
61.7294
58.5924
48.6835
55.2116
65.0378
50.4736
53.3149
53.4701
49.7447
47.4292
55.1266
64.7544
53.4785
34.4475
72.9464
54.8947
48.2333
37.2893
64.0437
55.8003
58.1484
58.1095
62.0125
51.3479
40.0117
52.7965
66.083
47.6404
59.3333
55.5093
41.775
54.5183
42.6633
47.1481
47.5778
43.1641
64.53
60.4357
39.0153
52.9942
51.6571
63.8641
42.0567
58.3006
49.0463
54.3047
51.5244
45.8349
58.474
31.0154
54.8055
53.5492
60.4126
43.6757
48.294
45.7494
52.8419
54.843
40.9802
44.5573
49.8423
57.5652
45.4326
61.5872
58.0802
46.28
49.5053
45.9326
42.2087
51.1597
54.5473
43.6779
46.7947
59.1668
60.3731
43.7997
53.8249
32.2559
66.4419
51.1423
42.4123
57.147
50.1233
54.5794
46.2662
54.5484
60.4962
56.2937
39.244
53.5917
52.5388
62.3534
43.093
47.1482
49.6501
43.6024
62.6884
46.9511
60.9956
40.4946
49.9302
57.1254
53.917
50.8135
54.4735
55.6659
76.4481
56.9279
37.4213
43.6325
39.8885
57.0916
49.2468
69.5022
51.2874
44.761
54.5817
44.3302
48.5852
49.88
65.621
51.3497
62.5127
46.7539
34.4449
63.7021
55.825
44.9776
56.8659
65.1075
54.4133
54.1778
59.4118
47.3453
57.0501
50.1578
66.6739
61.2053
34.2294
59.1185
54.2149
56.94
61.0723
39.2519
42.3813
77.0775
53.5506
59.0888
41.0004
50.7281
47.6562
51.1466
74.8627
56.6405
43.5188
63.1112
41.1542
58.7995
56.3855
52.1263
53.5571
59.241
51.3295
55.8062
51.0043
70.8274
70.6277
50.8563
64.3218
48.7622
49.2423
60.3241
45.1605
54.9786
54.8573
63.2779
78.4823
46.8706
43.1878
60.918
54.391
64.0296
54.0785
47.8514
41.5911
66.1081
53.3905
59.2494
48.5554
63.7309
58.0611
59.0932
49.8954
43.4444
60.8485
48.1416
57.8088
45.1412
63.0892
50.6222
49.484
50.7305
49.0703
56.0294
56.2409
48.5126
58.2547
55.2676
45.2571
40.4088
60.6704
55.8608
46.5531
67.5234
49.331
47.62
57.9337
61.2963
51.6197
70.4344
62.4261
59.4552
48.3213
64.2723
45.0896
58.7021
59.85
43.2684
39.1075
52.3119
60.8805
55.1062
48.7115
42.9437
44.1016
43.7395
51.8288
53.2704
52.2663
44.8982
55.428
39.3625
34.8683
50.78
56.8545
72.2643
48.4109
44.8653
69.3489
34.5265
66.0402
61.8455
56.2048
63.2017
51.7903
66.3005
49.1174
43.1187
56.9926
43.6615
63.4897
62.4728
53.9439
43.9652
54.3915
40.3912
54.7465
54.4062
54.0077
44.1015
64.9314
45.0594
65.9577
56.6794
63.9898
61.2273
63.2475
57.0589
50.964
69.029
58.7759
40.3031
47.761
58.9477
43.1478
60.886
57.7963
42.2169
47.3109
57.3217
66.5243
48.7561
32.6918
64.8288
44.2382
48.0378
63.6918
57.5713
46.8523
46.4439
53.6388
52.4425
66.1738
49.7295
61.2423
53.4996
66.4039
49.766
55.4486
43.5641
47.1369
47.4251
39.6636
62.8127
53.107
51.9561
53.1109
52.0123
56.699
64.7049
50.983
54.4738
69.8828
48.9665
37.1525
52.478
44.9862
59.3089
44.7459
58.9284
48.5514
69.6875
43.3657
58.8384
49.6823
61.5971
47.7547
39.3683
66.5993
57.6151
55.031
36.9417
59.6368
48.627
51.3191
51.6115
62.3503
46.2861
67.032
42.6493
45.8265
52.6524
56.3409
47.059
46.763
52.3386
64.6652
44.6776
56.4962
51.5297
56.7367
46.1413
62.0279
49.7621
46.9941
51.4563
53.9407
40.9895
42.9689
50.0304
47.7003
54.4409
50.1509
58.8554
49.3455
66.7584
54.2765
59.1775
64.9268
50.3024
54.32
48.3625
32.534
56.1739
45.5037
49.8324
55.3091
47.7932
48.5985
47.3034
48.6726
58.1123
49.671
51.8264
56.0616
48.3216
41.7453
66.9957
51.1656
44.3461
52.3047
50.3462
48.4297
45.0767
64.3094
53.1333
70.976
40.2039
38.7055
66.1563
53.8832
43.8174
47.8117
54.6392
52.3727
36.2845
70.4854
60.0115
47.3843
37.3102
53.5341
52.8642
48.8415
65.3012
56.707
66.6659
30.7303
32.9837
51.839
62.3066
64.7656
58.0504
60.1844
63.1951
43.0423
34.4955
58.7589
57.7242
52.3217
41.7439
35.7557
44.7524
49.9565
57.3537
66.3395
32.566
70.4405
63.0507
35.4016
43.1148
50.0371
42.9589
64.4564
57.7257
52.0624
57.2552
63.9759
52.5984
66.7262
59.3542
60.9764
52.5571
56.0402
50.6361
53.4818
49.1957
61.4251
64.8562
44.1659
60.1598
55.4991
47.7733
46.3184
62.0642
54.248
47.3967
55.5964
48.9631
43.9535
32.9463
64.6554
40.3987
58.9696
52.724
54.5191
65.6934
44.076
78.2954
51.0925
47.081
56.5961
62.1336
45.205
50.4903
53.1555
50.284
45.2873
58.5009
50.8611
58.107
60.6203
44.483
48.0735
48.1116
64.869
43.4573
67.4264
42.0284
49.3171
69.3682
58.4341
55.8119
53.6997
45.0837
60.5016
53.9592
57.2759
43.5825
64.4663
50.0228
58.5866
44.0907
59.5094
46.3679
41.8631
56.2369
43.4622
50.0503
43.6177
56.8114
53.9447
59.2614
37.6587
42.8792
60.9195
44.0466
58.5972
50.8934
59.5982
56.1387
55.1579
43.4766
51.4741
51.2376
55.0219
63.8017
57.2028
75.0966
62.9243
49.7201
61.4215
55.2954
51.7815
50.2394
48.9914
61.1949
45.6523
64.6512
55.6814
52.4621
63.1107
48.412
44.6589
47.996
46.659
51.3824
55.4736
57.0845
52.882
60.0357
60.071
47.9489
57.6892
56.0885
56.3091
52.4144
62.9474
60.8646
52.3804
51.6922
52.0246
64.7592
56.1298
41.8478
50.8407
42.0195
48.437
43.8476
59.9766
52.314
57.9908
46.0638
54.907
57.0804
56.9385
52.706
48.6279
51.7477
42.71
37.7747
53.9857
50.7656
45.0115
48.714
49.7916
56.2982
71.8841
53.5896
48.3017
58.8179
57.6714
52.1015
44.9487
53.2043
47.574
50.7234
51.6963
43.0625
39.8836
54.9875
43.6726
57.6624
72.8872
38.9325
58.6706
54.0489
37.8691
55.1731
42.7457
41.7851
51.7848
32.6013
59.5458
57.0461
53.5496
52.7955
62.9074
56.3606
39.0731
39.9689
43.0331
60.2515
42.8231
47.0079
59.3129
44.6972
65.8838
55.4833
51.1833
47.1494
59.6841
50.8553
43.069
48.281
52.895
57.156
45.5504
39.2961
45.4227
51.3196
55.6391
42.4366
59.5895
47.0894
62.7614
57.0008
56.7043
46.5156
54.7604
51.075
59.8237
49.0184
46.1269
45.5528
51.4961
62.4795
57.0632
48.5184
61.9499
72.2431
51.0075
71.1408
60.019
63.8278
55.1113
53.9474
59.0562
56.4553
57.5342
55.7952
59.7055
54.1166
57.5875
57.9956
32.4156
45.0773
59.3454
47.5881
47.8631
63.3362
57.1348
42.2939
45.1737
55.2881
58.7673
60.4983
55.887
42.802
46.5925
53.949
51.7431
46.6764
28.0744
63.8241
54.6983
65.2139
69.1859
64.3613
57.019
52.8921
41.1472
49.4079
39.6038
55.8034
68.3148
62.5689
62.285
50.1261
56.4335
54.0858
56.5023
45.0455
57.1438
59.595
42.9742
40.1161
59.9489
47.7452
61.7087
56.594
80.1271
56.5179
48.7888
50.7066
53.6174
49.4447
61.3829
49.0173
65.1064
54.9587
57.6564
49.7637
72.0032
48.4345
52.4321
62.485
64.4985
36.4789
55.327
38.0497
47.3247
50.2695
59.5759
47.2083
32.7197
36.9266
52.4228
47.5074
70.038
49.7471
41.2991
35.0562
44.7482
61.2256
57.6922
51.0794
60.2293
59.8541
38.2889
53.5664
59.5749
45.9166
57.44
62.358
52.3621
71.9637
65.2839
45.7309
50.1794
48.992
54.9641
41.6441
53.5188
60.1374
58.2612
44.9458
59.715
52.911
46.9548
48.0772
48.3647
57.953
45.6063
54.3154
50.912
58.2757
38.7166
51.2006
55.8979
39.2304
59.1711
56.9209
60.3763
38.9136
59.632
50.0798
63.6695
50.0275
64.6127
46.8376
42.0867
48.393
67.443
36.7047
59.8055
46.022
44.7011
50.7424
52.4277
48.797
45.8852
50.588
64.9714
47.7646
61.6681
52.4539
40.318
57.6812
71.1928
66.0052
40.7442
67.1129
51.8414
66.1123
34.0602
52.8073
45.7691
60.4423
67.3242
51.1983
59.4382
42.8898
76.7724
39.8736
55.5097
53.0277
58.8513
43.3752
43.377
43.8793
73.5173
55.9853
53.8866
63.9757
43.2694
53.5375
48.8066
45.8503
53.8291
51.9738
41.725
36.701
40.0859
58.1157
54.21
60.9551
53.7184
62.9367
45.5218
64.1504
42.3805
44.8778
48.6668
55.3698
42.2046
48.7087
59.1754
61.4783
49.4763
53.0617
40.296
80.0067
63.9831
43.5841
55.7243
51.4667
52.9418
48.9195
71.8418
43.9349
71.395
55.5954
70.6804
53.7054
52.8276
54.6465
56.3979
44.2904
49.9216
53.5822
72.0058
58.2765
59.4395
52.5677
53.7186
63.9488
36.2356
49.8191
53.3285
56.28
56.9098
48.1386
55.0359
50.7463
44.4807
37.0035
54.0219
40.18
51.8726
53.6221
48.8412
57.4873
49.4042
50.2778
61.6863
40.0987
50.2031
50.2471
50.5101
50.0125
54.573
67.248
51.4193
40.2698
50.5278
62.3187
41.6495
47.7117
55.127
54.3494
63.5544
67.0722
47.3207
68.3294
49.284
49.8369
43.7738
37.2357
57.0921
54.9989
64.5294
43.9922
46.6973
47.6352
65.3305
38.6281
47.6929
41.6567
58.3474
58.129
42.2642
55.6264
55.1959
64.1764
52.9929
54.1551
52.5874
50.1645
44.0479
60.7724
38.5265
46.0768
54.0818
61.0776
54.5536
48.8498
53.2209
52.6841
63.8399
39.5666
45.2223
46.42
44.8604
66.256
51.2391
35.8042
55.0026
48.3327
44.8153
56.6917
65.9371
47.4187
34.4602
48.6461
44.5199
53.371
49.9472
41.833
65.6287
55.5093
57.9129
51.0557
58.922
37.5366
62.998
38.5253
56.9165
65.4242
34.9326
66.0793
57.6658
52.2708
65.3831
40.818
54.5845
44.8795
54.0521
61.304
44.0739
67.136
42.88
51.4911
48.1984
64.8781
52.4838
48.1887
43.7121
55.3086
48.7647
41.3169
46.9531
44.5247
51.4232
45.941
45.5322
59.3819
57.4305
39.8965
46.4846
58.0954
68.2594
44.4273
57.5742
45.1244
49.9918
58.9954
57.369
54.4359
60.2041
64.5618
56.1237
57.0202
51.0226
48.1423
48.5789
47.1553
38.7691
56.1255
69.8068
47.3451
48.863
60.81
57.2067
47.6406
53.3896
51.9537
42.4998
40.6579
56.0537
48.416
63.2063
50.5451
53.1474
53.6259
49.8789
51.3738
44.8467
58.033
40.8141
71.3037
46.3465
41.8894
45.9696
44.5728
44.297
49.0875
54.4698
44.6699
59.8351
55.8268
36.2012
68.6576
51.8205
55.0339
56.2102
44.5086
68.4898
54.7843
59.896
51.4162
49.4893
58.5521
74.3308
39.2708
49.7889
44.3269
50.1433
65.8379
40.4861
58.2658
44.5892
34.4542
62.8048
52.3634
58.5635
44.935
41.861
62.8989
58.8053
44.9413
48.1441
49.3605
64.4707
45.4796
45.8917
42.1047
37.1393
55.5972
39.9141
51.4475
50.4641
51.1131
55.1799
67.1972
56.8672
51.827
56.8291
44.2731
51.4001
66.2914
54.4882
58.1243
44.8347
66.6754
52.1937
63.3297
48.1878
38.009
49.6738
63.1565
54.3256
39.6818
48.2683
57.5794
60.3741
74.8559
63.3593
46.8214
42.247
44.8765
79.5669
45.0059
38.4044
63.3959
57.361
68.3692
37.8211
44.4141
50.3174
50.2317
34.8261
46.8387
53.5609
41.1917
43.4799
44.5989
57.7869
45.3943
47.6003
46.2439
67.7002
57.1603
80.0886
71.5917
57.3397
52.3275
51.2733
59.9587
54.3321
47.3235
51.8209
53.9597
61.9558
44.9951
57.9776
51.984
63.2823
65.2491
52.558
57.0658
56.0281
67.9266
51.3964
70.1605
39.2832
55.4608
43.7744
37.1933
46.9186
53.892
40.1629
57.923
42.3334
68.2248
48.6134
60.1229
50.3169
49.8992
62.6501
60.4079
49.0212
55.3608
55.8918
54.6894
61.6787
56.1852
62.541
54.0721
63.8397
53.4325
54.7873
43.9191
50.694
46.3197
51.2707
39.5541
42.6767
67.9129
48.5065
59.0686
49.3557
51.9294
48.4899
42.7717
59.9244
43.5904
64.425
60.3022
59.6457
45.7311
51.4202
60.3453
50.3518
55.9512
56.9689
44.7158
58.4892
67.5276
41.7006
68.2654
57.0721
54.28
47.0245
66.692
43.9033
45.0681
57.2636
54.1654
39.9973
43.4217
64.2416
54.7931
51.2423
62.3815
47.0846
48.7056
51.6529
45.5019
70.6419
59.6027
37.083
45.8967
60.1574
58.0646
44.7468
70.693
67.6507
46.8931
55.469
39.995
53.7462
57.0618
76.0395
54.7921
50.3776
52.9631
44.2149
57.258
58.6885
43.423
46.6722
51.0419
46.7849
46.2962
43.9617
54.6402
51.3717
52.2372
56.5646
59.0953
55.7222
43.4729
55.8544
68.7694
51.7808
41.2187
56.7292
53.5011
64.9614
60.7344
32.0489
61.5099
64.3767
42.6611
60.3904
57.0706
56.4779
45.7137
43.6469
57.4162
42.1526
90.6586
58.1528
51.8905
55.457
60.1314
54.8176
54.2858
62.6476
49.9254
42.0649
55.3889
44.1814
53.9457
34.9956
61.1704
48.3005
58.0368
58.3194
48.5052
56.065
44.1723
52.2982
60.936
48.4943
56.252
64.2422
59.8495
43.5111
48.5314
46.8784
46.0287
43.0841
59.475
57.3862
58.1963
66.1915
57.2996
56.1342
68.671
56.6612
41.3509
60.2112
51.4596
43.6514
56.532
59.7112
43.897
44.8303
41.5659
70.7843
65.2745
46.523
65.8146
59.9726
54.636
32.9247
50.343
57.0227
54.9624
65.6304
65.4565
54.8846
54.1015
46.4603
54.0956
54.5759
56.5314
49.0567
31.3254
62.4719
61.7355
40.8832
61.9932
72.4741
47.9323
50.0387
57.059
58.9963
46.2535
53.4908
65.9194
46.3336
53.778
56.8428
62.2356
58.9034
45.7782
41.4781
59.3614
40.4415
49.4164
55.8451
48.8798
46.6762
43.1108
40.7115
50.9674
68.1176
52.1464
62.7875
42.5058
64.6349
50.4161
67.3926
56.411
65.156
45.8346
58.3628
56.7975
49.1932
47.667
62.0554
68.0508
66.6157
55.4719
44.3053
29.656
49.473
52.6061
49.8827
53.0323
51.3935
53.2303
66.1679
60.7637
49.1952
55.0804
55.0129
56.2014
54.8838
60.7347
57.6966
43.2267
62.0377
50.4016
52.3798
43.3655
63.1471
62.1396
66.6639
43.3798
42.3252
50.7015
57.1828
57.82
43.8504
43.9504
61.2118
52.6304
55.5116
57.1702
59.9963
58.0867
67.0608
59.0521
40.675
55.5304
49.3934
49.8226
47.6736
50.8106
60.0369
46.7861
57.1656
68.4652
55.4626
60.301
55.8634
61.1043
58.6815
56.1479
56.5945
69.6282
56.4463
51.1845
61.0656
66.3
61.0792
61.9926
42.7957
49.6362
60.1857
68.1024
38.0125
51.0058
43.9251
46.8498
46.7249
46.2763
53.9838
45.7153
62.8568
31.5454
68.2153
48.9147
62.3968
35.3654
62.691
45.3484
60.1678
56.5123
58.0864
47.2286
33.2993
56.8956
52.7782
73.658
47.1248
49.2859
72.2462
51.351
54.0488
57.6492
59.4603
53.8391
44.6783
63.3049
51.3998
65.0045
43.7963
37.9211
44.39
58.4131
67.4092
48.647
52.2004
56.7742
36.2721
47.2118
60.9375
53.3453
48.2931
47.6764
42.6171
31.945
44.5892
43.8554
47.9663
51.2534
45.0837
59.8414
36.5961
41.4523
52.0277
53.9479
53.554
52.2609
61.9471
37.1474
52.7532
56.0315
42.924
51.369
68.7316
57.6648
47.1165
53.6876
54.1541
65.8734
53.7614
45.6751
35.6672
58.8758
58.3074
66.2514
56.5047
64.3756
48.2744
48.4616
50.1759
48.2584
44.9635
61.3254
50.283
43.534
55.8899
59.8862
48.1191
57.5263
59.864
61.1313
40.0112
37.2073
57.1585
45.2075
57.178
54.8474
63.7586
54.8593
62.8213
49.0911
42.2263
48.1371
65.1566
45.6211
56.1644
44.4224
41.7196
54.0435
62.8185
45.4662
43.5177
44.7504
50.4477
55.5732
41.398
52.8017
56.8644
70.7335
40.6636
54.6005
57.6143
51.1356
51.8626
53.7374
55.5836
48.7197
57.0023
45.0169
58.3898
52.9734
61.2556
55.6801
59.0966
57.088
60.2028
54.3082
37.1236
47.8237
46.2569
68.5195
44.9587
37.9849
60.2324
55.301
48.3226
58.4406
51.663
60.5256
67.9755
56.963
41.4972
32.7403
61.8959
56.149
51.4364
53.9535
61.8089
57.3442
47.4453
47.4721
52.1748
47.8548
55.8561
50.8305
44.5252
63.7726
73.8655
53.7136
48.4526
43.9116
52.0025
59.1272
56.7799
56.3542
70.2067
57.266
58.6233
56.7097
51.4389
42.5375
57.9644
60.7081
47.1873
43.5665
51.8482
60.571
60.217
56.8829
65.8673
54.1525
64.4011
59.8378
47.5703
48.1301
49.8353
68.791
68.0441
52.0336
48.2522
43.539
58.2295
44.7815
50.0039
43.9209
47.2333
50.1261
49.7623
59.3173
37.4662
56.2636
52.6191
39.4677
56.0467
50.7436
54.9497
51.8914
41.3654
72.3751
34.9029
61.7679
57.5905
67.8
42.411
38.2199
55.8405
63.6127
63.69
49.5906
65.4226
43.9716
55.4627
55.466
65.6775
58.6195
46.236
66.1185
53.4298
50.2848
60.2003
52.1986
46.3889
59.9608
53.1533
56.6977
56.1772
41.3099
46.7025
44.8961
41.6648
45.4758
50.7763
62.3437
57.707
47.2143
51.3687
58.1055
36.441
55.0385
47.6828
43.2825
61.1504
42.6299
61.0194
58.7734
61.2789
51.3629
64.0859
64.962
50.4339
47.9135
70.6586
47.76
42.1446
62.8857
47.1204
41.0081
47.6192
62.5791
63.118
56.453
54.4882
52.6817
57.1958
55.7502
48.2224
59.6465
52.7676
51.8666
57.2704
36.5742
55.8415
55.2029
57.2486
54.063
50.056
63.7013
53.7937
58.5672
47.1312
62.1312
52.9091
54.812
47.1154
56.3587
43.7507
36.1329
48.7866
53.4861
45.62
52.9049
55.1218
54.0137
64.5114
51.5209
56.3288
52.4051
57.6348
50.0035
53.8855
60.8144
57.5345
43.5546
60.1025
32.47
55.2892
45.1761
58.0108
52.4518
48.8874
51.9309
54.5877
67.2666
44.4
63.6252
40.7663
51.8
60.0447
51.4129
48.1605
42.5286
59.2055
62.5223
64.4837
50.0992
53.5928
56.7689
55.2254
57.5122
57.3222
67.9336
53.4378
57.9082
59.2836
62.173
46.0454
49.0979
51.1628
58.0708
59.4453
55.2195
51.5098
59.7211
62.3399
53.6622
68.567
71.6652
43.8038
61.8907
53.3703
54.4204
61.07
50.7794
49.9627
40.177
49.994
52.2517
48.9811
45.1737
46.3565
67.2011
53.5605
53.3768
39.4019
34.7134
45.414
52.5584
50.4825
43.0834
56.8369
52.3451
51.4722
63.1418
57.9726
52.8961
51.6173
62.2208
64.0943
56.2094
62.9314
56.4769
53.6687
54.447
49.8321
50.6089
42.2138
34.9694
63.5307
49.2307
50.7033
66.6818
37.872
61.6873
48.9496
62.5643
69.4166
51.1993
61.6534
50.3905
50.4115
45.9892
46.28
48.2774
60.9638
43.5007
58.9739
46.529
51.3485
67.8977
36.6519
49.2331
49.9425
51.1644
54.8548
64.0568
51.7284
41.1806
59.7844
45.0478
59.2093
56.3063
35.8484
56.9347
51.0285
52.2424
49.4074
60.9862
71.5337
49.315
46.0714
62.8607
42.0432
47.2706
42.1561
65.9356
55.6056
49.6602
57.1311
52.0439
39.4018
51.7627
50.4049
44.0787
55.6086
42.7942
54.5108
45.4265
46.5186
46.035
51.4441
51.2427
54.1047
45.3549
48.1556
52.8562
54.812
37.1843
43.7029
54.4172
56.7962
63.0415
54.0113
52.7958
39.2163
55.365
42.4072
67.2209
52.7887
46.6897
57.1918
48.675
54.2023
50.8812
58.6328
53.2439
50.8715
38.6122
59.8156
56.0386
41.8974
65.9615
54.1225
56.0423
49.1385
44.881
60.3244
57.4202
50.2523
36.1964
65.6953
60.312
52.2128
47.957
49.8402
64.4341
53.9569
71.1411
52.2529
59.2111
54.008
38.2861
48.8365
47.8281
67.7057
59.1907
54.9789
48.3932
42.0346
49.5079
53.1625
45.1719
52.9683
49.9324
62.5497
55.9097
48.6162
54.901
60.7276
60.3477
54.3219
57.4528
44.4368
50.0359
58.7709
69.2929
70.7865
49.2811
49.4177
55.9227
52.3299
48.785
49.0714
44.7727
47.8783
42.5821
54.0923
59.584
52.6463
68.8666
55.7971
42.1548
47.3683
34.3539
61.9968
40.4468
55.1334
63.3542
63.047
50.4447
54.9934
54.0853
54.6857
59.9832
62.4044
62.7843
52.7384
49.4275
60.5113
48.6777
61.8601
58.0193
53.554
40.1727
57.946
41.2841
52.1099
58.4076
59.2328
72.0324
69.3882
53.8909
52.2855
53.1548
57.1069
66.38
43.035
56.1276
55.6296
50.272
50.4016
50.7366
55.5851
60.4656
54.9628
45.0025
62.0077
50.0588
47.5379
47.7842
61.0958
61.4747
45.5617
50.6875
55.923
47.2822
67.5211
63.3325
42.6282
65.6239
70.4448
45.2153
52.6098
32.9552
57.9902
43.1689
36.1655
51.3314
51.1282
60.2217
68.9594
44.6863
61.8896
51.2235
51.1484
56.7187
60.7039
47.7773
53.4327
51.4662
57.8546
48.3355
50.7695
53.2274
53.4256
46.2871
39.6807
54.0631
49.9644
65.0988
73.5669
51.3386
46.7204
60.2455
46.9398
62.9603
56.9908
47.2097
37.9895
29.6842
42.1298
53.6894
66.6782
52.5085
73.1972
59.3254
52.9728
49.5901
51.5076
55.9217
42.8534
46.2518
55.48
64.5787
68.8763
69.042
62.7138
52.0181
49.2811
60.9212
38.0794
58.0337
41.8155
40.7071
54.1717
69.8713
63.1435
42.2722
50.7537
46.6345
45.6375
51.9572
64.8491
57.4474
57.0774
50.8222
54.1189
50.0373
63.2476
35.4159
43.8061
61.515
49.625
47.2036
61.8907
63.8349
40.7782
61.0932
49.3756
52.5082
36.0033
42.6332
43.9638
64.4745
55.666
44.8158
51.0307
54.9244
55.1681
53.0881
70.7833
43.875
57.1385
56.5158
54.2126
50.5187
56.457
46.1158
41.9258
44.0577
53.3766
44.6248
58.8918
46.3074
51.1625
41.6249
66.5895
53.1449
55.9257
55.8706
47.9937
53.3949
51.3745
52.3058
50.9696
48.5524
59.9263
57.334
61.2908
49.2754
69.7784
70.5435
49.6244
62.0561
48.8129
42.1233
51.6087
60.2434
40.0227
50.5143
52.5934
49.4399
66.9295
34.073
41.8934
41.9054
74.8439
61.7223
48.3523
51.4071
56.0175
51.6157
63.1735
44.6901
56.0413
48.592
53.2669
56.2761
55.2796
50.1096
41.118
57.8462
50.6634
53.2727
49.4815
52.519
49.2516
49.0737
51.4662
49.1733
39.0022
69.6318
51.1921
42.8398
59.9227
50.8454
38.4085
49.2223
55.7092
47.7627
54.9616
49.3402
35.7718
70.9466
41.4646
72.1205
43.0991
59.3148
56.7298
50.9812
58.9316
36.5628
58.9405
53.9219
62.6403
50.3963
65.9989
46.1312
69.5281
62.9203
64.1955
59.7482
47.3135
56.0259
55.4925
41.5166
33.5762
61.6658
50.7914
51.4608
49.2416
62.7737
60.0662
61.1335
62.0067
40.8746
62.0605
48.9937
40.5137
54.5491
41.748
43.88
61.0395
55.3866
31.8917
51.9748
69.8696
49.6276
54.2021
68.6266
52.2866
53.0707
77.7243
51.167
48.2049
35.1473
65.135
53.9047
47.8443
54.9627
54.8491
70.0136
52.5675
63.0568
58.1371
64.1929
43.3296
51.2434
53.444
48.3267
45.4143
56.9893
50.7747
68.3648
54.7245
55.5607
53.152
45.4819
52.5782
56.6341
61.6319
63.0141
56.4529
48.8806
64.4257
50.7838
53.1844
43.0306
54.6867
49.0741
60.3113
43.5076
46.5976
58.1692
50.8804
50.8115
61.927
57.4113
48.3507
63.7526
60.8652
53.6864
59.0021
51.8036
57.9544
56.6178
65.7524
60.1328
57.4304
62.9238
37.0932
52.99
42.7893
55.3858
42.735
56.7205
59.6905
58.1859
59.3026
71.2572
55.7318
59.8476
47.2351
57.855
46.3538
45.463
48.5209
59.1265
56.6104
54.8227
46.7134
51.9615
66.3933
50.0302
45.3991
48.1602
53.6993
40.8164
54.3392
55.6769
52.9446
63.5709
44.5486
51.7472
66.3474
56.7667
45.0737
57.972
51.2898
58.119
62.8444
50.7148
57.8404
64.6135
53.2983
63.9167
46.9727
72.1919
55.8643
53.7734
44.0328
51.6959
52.924
54.8723
55.0682
61.6623
49.4425
44.6855
61.4504
56.1185
47.4815
53.6296
43.9108
57.121
59.5754
52.211
49.91
74.9602
69.8461
35.3022
53.0597
42.6662
52.4635
69.0324
46.8104
54.9966
43.7975
49.1958
38.7977
53.7322
59.9514
47.0906
49.9685
47.7558
69.186
50.806
41.2264
47.2675
48.4899
50.7709
41.388
56.2747
63.3241
50.4103
55.1625
51.4685
46.1543
39.6011
54.8802
47.1479
51.8836
54.4614
56.7779
60.9331
42.3938
42.821
53.6585
51.1474
71.3372
63.6799
32.5143
58.1913
34.9708
49.4551
40.7611
58.5477
59.828
34.3576
49.3202
37.7761
33.0744
58.4569
63.5218
45.8218
48.307
70.1875
68.5276
42.4036
56.3707
58.615
73.9898
55.6973
41.0864
50.5504
48.1094
59.6123
48.0583
58.8531
57.2347
51.0121
58.2976
43.0013
47.6233
54.4612
40.573
52.8041
53.6969
65.0282
67.1574
55.3325
50.4124
62.5702
41.0813
61.7699
51.2007
65.7363
62.7823
54.5593
62.1347
65.7367
56.002
54.7747
48.6019
46.3662
54.478
45.7438
47.039
63.8982
43.3727
43.7838
64.9059
46.6435
50.1173
62.4572
46.5248
44.7347
47.7219
48.713
38.6947
51.0776
55.5342
69.3659
52.4328
43.6574
64.9578
65.664
51.1142
62.5429
60.0289
43.2139
49.3527
50.5826
59.1804
55.8599
54.6183
43.825
45.8535
46.3507
59.397
52.5861
58.6592
43.4521
58.405
63.6705
58.2523
70.0363
50.1766
59.2746
50.613
54.0437
53.3535
64.8208
59.8604
46.5755
42.0611
41.9469
42.7539
62.6063
53.8552
61.4862
49.111
48.1985
48.9365
46.7857
47.4121
57.21
49.031
54.5829
45.3351
50.6499
50.7432
58.9005
47.2044
65.2913
60.9625
42.7217
46.1331
60.7558
41.092
55.318
40.714
57.435
58.1685
62.5009
42.2067
53.7469
48.0402
39.0235
55.981
63.6439
59.3599
52.6362
62.0321
41.3782
36.8454
43.1443
48.6461
46.4636
47.4583
51.3875
29.5255
38.8233
46.3538
61.4139
59.2811
49.4281
54.9257
64.7792
47.1564
73.4202
41.9776
50.6524
54.6626
52.6004
53.198
41.1291
45.3893
44.0303
41.7001
56.1461
56.9159
50.1194
69.8498
62.6113
53.4581
58.3303
47.9136
64.5729
45.718
74.9398
48.0174
48.617
62.132
48.7737
55.4389
52.2234
46.5221
42.1806
65.3719
42.3201
47.3449
53.5708
43.5402
48.0221
58.6479
54.7129
54.6602
64.2807
38.2305
58.8731
50.2329
60.4818
50.0089
40.9032
46.3766
72.874
50.4848
58.835
41.6134
56.4036
54.3617
46.261
47.5038
51.5375
56.9949
53.715
47.3817
61.127
43.489
64.0908
52.9286
52.9072
61.1872
52.4153
44.8509
46.1512
56.1443
57.8878
60.1461
48.9358
43.5743
35.264
43.9646
42.0118
59.1328
58.3636
42.1843
56.7833
43.3924
55.5921
51.0064
62.2292
35.0915
69.9359
48.0521
55.9041
47.6896
58.1395
51.9944
59.3203
63.065
65.2925
59.8366
50.0363
57.3481
55.343
75.5076
57.9771
49.7123
66.9945
50.9004
48.3699
49.5504
50.035
55.9249
49.7818
57.4877
38.6278
54.1697
35.2824
56.6417
64.5552
47.8066
54.226
52.4176
53.6783
47.2293
62.7472
47.7531
66.0724
54.7734
58.5546
44.317
40.9038
36.3847
43.1148
65.0396
47.6472
47.6678
48.9552
64.808
53.8272
74.0976
67.9219
54.5658
64.1212
59.2861
45.7979
60.8541
55.7556
54.9436
42.8908
46.4591
77.531
43.9611
42.844
56.1779
49.5969
55.3829
44.1198
53.2695
47.3255
57.2121
63.4576
45.9293
47.8105
47.5877
51.2664
44.5049
47.4966
67.2807
61.6344
60.4597
58.5867
55.0925
49.286
46.1311
39.6462
50.7892
65.0208
65.505
47.5259
51.532
61.6341
46.2965
58.4562
53.6786
50.1881
58.6707
63.0475
59.1283
47.8067
50.3928
55.9599
54.0405
47.9688
46.5268
65.4329
55.4627
47.2503
67.6172
60.4576
49.7197
60.0759
51.6967
43.5134
58.6911
45.6327
61.6779
48.9186
60.9366
52.6341
70.1427
57.8238
58.7562
47.4172
47.0589
43.8931
59.6962
41.554
60.4481
66.4904
44.4544
40.2943
68.9938
70.0631
51.6832
50.8703
58.8877
57.0218
59.8569
65.3907
56.4773
52.2405
52.0328
58.5125
55.9969
42.4427
59.0721
56.3926
59.8539
44.2529
58.8914
55.7979
48.6254
49.7499
36.5916
63.51
53.9326
58.4149
42.2188
35.5063
44.9613
46.6521
57.3441
41.519
39.6014
53.5465
53.2931
57.5287
42.1342
52.6885
60.9942
74.1369
53.9808
56.4667
71.8772
57.5865
57.2279
53.7606
48.0522
30.5622
59.5115
75.4675
45.6147
47.4134
60.5841
61.5962
44.2393
62.9425
55.6067
47.7554
48.7927
45.0217
34.5664
50.3575
62.3919
58.4114
53.9722
50.003
60.3675
50.4834
45.3014
49.6941
50.9336
52.9862
53.5926
40.7903
66.3743
41.7233
42.6025
48.7397
60.211
52.2782
36.0694
43.1298
46.9784
40.8867
53.4014
63.709
49.7389
55.1732
58.2006
58.3327
60.3415
61.0134
57.6548
65.3008
60.2096
66.5125
53.331
56.5516
66.1485
63.6148
58.787
64.4475
30.9525
48.3874
63.8668
54.3082
47.7904
68.3186
49.4499
55.8354
48.5763
49.7572
65.6971
54.3552
49.0004
43.571
54.032
50.8541
56.5264
68.6315
64.7491
58.6558
45.1007
63.4634
32.8028
58.8067
46.7936
52.0472
50.1147
59.8178
59.8981
48.2678
52.8312
61.7849
68.1349
37.6608
78.1017
59.2271
50.9596
51.1302
60.2195
55.4238
52.2762
54.6934
54.1209
53.7039
64.0411
49.7902
47.4726
44.8702
44.2009
60.6709
54.575
58.3371
40.7525
67.0384
74.294
37.4034
48.3312
51.1557
60.0466
48.6445
52.1111
55.6439
52.7378
39.7684
51.6862
56.2329
46.6826
47.5658
57.9679
61.9238
52.8833
59.0248
53.3792
56.5619
30.477
54.5719
49.5437
57.8075
40.1604
59.6314
36.6549
57.9406
45.4116
57.5936
49.3909
48.5216
53.1882
43.6994
