3024.85
4118.16
4778.29
3648.09
1451.8
2103.07
2303.72
4198.28
2432.3
3284.56
3040.01
2038.04
3285.44
3534.28
2312.99
2785.36
3051.94
2281.03
3502.13
3212.74
3448.46
3811.7
2766.27
2698.1
1968.2
4138.28
4218.99
4444.41
3620.67
2378.14
4057.16
3491.53
2662.92
2771.62
3519.21
3707.2
2021.27
3038.62
3964.54
3291.3
2358.95
2718.58
3712.33
3556.36
3997.04
3721.15
2295.3
2001.54
2626.93
3479.22
2761.15
2995.9
3992.76
2325.61
3376.25
2609.17
2862.04
2916.82
2900.64
2360.71
2693.97
3429.02
3021.17
2713.22
3524.02
4031.45
3367.4
2594.93
2418.66
3054.06
3180.39
3310.7
2280.53
3391.17
2118.87
3207.99
1922.96
3002.3
2654.6
3182.16
3136.2
3943.67
2619.55
3053.59
2564.27
3030.06
3573.71
2061.66
2685.94
3064.09
2696.57
3791.29
2327.51
4162.82
2457.36
2578.31
1925.72
2103.55
1644.96
2202.7
3262.6
3383.66
3116.29
3397.69
3117.01
2969.84
2788.64
3088.9
3065.94
3310.01
2073.97
3412.29
3048.97
2508.18
2997.32
3509.56
3410.37
2162.5
2989.8
3382.17
2487.36
3395.02
3319.96
2998.62
3486.72
3540.48
2887.11
2655.4
3215.59
2671.66
1515.44
2648.15
2989.1
2400.36
2944.95
1888.3
4032.13
3263.3
2622.2
2566.14
2977.53
2758.31
2544.86
2284.59
3155.38
2778.94
2530.71
4408.13
2000.21
2422.98
4383.23
3644.4
2193.18
2808.95
2514.52
3025.13
2614.43
3330.15
2335.42
3900.88
2927.59
3051.79
2298.7
2578.71
3669.04
3765.44
2578.85
3443.93
3160.68
2550
3049.32
2535.68
2899.81
1953.36
3130.32
2768.6
2792.82
3066.06
2033.68
2494.07
3588.69
3639.37
3370.93
4325.1
3396.37
3406.4
2317.25
2391.28
2318.76
3427.28
2663.22
3235.69
2157.07
3019.93
2689.11
4186.31
2346.31
2804.92
2622.16
1854.75
3360.04
4131.97
2582.66
3601.34
2859.51
3957.54
2793.3
3525.84
3878.56
3323.28
2945.15
3230.53
2712.99
2319.49
3497.73
2469.99
2804.96
2268.88
3581.29
3174.31
3725.01
2816.42
3049.54
3453.72
3601.61
2744.97
2280.25
2883.8
3211.73
2550.91
2645.87
2873.61
3162.06
2471.07
2285.58
3820.68
3253.08
3665.58
2982.69
2770.03
3458.21
4605.75
2695.14
3289.83
2532.26
2795.01
2061.51
2976.85
3925.12
3432.69
2066.89
3751.87
3359.66
2946.54
2997.49
3193.95
3092.8
2920.59
3183.14
3413.38
2752.8
3129.04
3385.99
2841.37
2862.71
2800.21
2941.26
3714.4
3321.96
3506.12
3461.77
3250.24
2340.56
2995.14
2694.35
3023.78
3140.22
2817.51
2587.14
3819.53
4508.97
3328.7
3010.55
1382.84
3641.67
1627.28
3268.19
3844.61
3715.12
3653.71
3889.26
2179.93
3112.87
4068.8
2734.71
4417.03
4291.04
2556.37
1940.23
2904.64
2745.87
1978.54
3836.42
2585.84
3846.12
4212.29
2975.38
3539.95
2816.78
2773.69
3273.07
2824.84
3327.13
2101.23
2832.23
2319.59
3082.99
2992.48
2854.17
3798.73
3133.1
3474.45
2369
3219.04
3513.44
1956.88
3341.49
3228.05
3007.98
3136.18
2614.28
3449.81
3531.01
2602.37
2831.45
3145.53
2931.57
2310.05
3939.84
2191.44
3128.76
2893.38
3628.04
3251.6
4244.87
2709.02
2748.96
2713.47
3231.34
2883.38
2847.04
4238.07
3574.41
2784.93
2784.45
2828.99
3019.22
2508.22
3268.88
2430.5
2547.84
3348.87
3098.4
2763.34
2353.71
3026.47
3299.93
3087.6
2187.16
2444.81
2233.15
3001.25
3141.89
3549
4557.05
3217.47
2780.61
2745.74
2988.09
2580.45
3299.9
3033.63
3175.59
2439.88
2148.04
2923.35
2819.25
3115.34
2702.24
3300.11
2648.93
3251.13
3487.72
2193.38
2922.8
2117.1
2122.39
3766.93
2470.93
3245.61
3130.92
3427.71
3887.09
3476.57
3448.19
3844.77
1852.64
3622.63
3027.79
2075.17
3029.99
3247.61
3298.75
3452.51
2820.04
3095.54
3020.63
2711.97
2457.68
2212.1
2924.82
3504.63
3173.72
3350.7
3113.75
3653.62
3852.02
2853.82
2692.38
2683.09
3899.92
2152.19
2477.31
3393.68
2364.14
2850.85
4840.1
2784.15
3851.31
3199.55
3527.87
2895.91
1965.79
2541.6
2373.85
2009.97
2732.09
2399.83
2687.78
3712.5
3330.26
3211.33
2910.21
2591.38
2374.05
3173.65
3332.94
1637.47
3718.62
3561.67
3934.05
2832.84
2478.25
2563.36
3541.36
2551.74
2920
2339.01
2926.93
2804.93
3066.88
1941.7
3898.15
2952.92
3150.71
3131.31
3728.36
3120.58
2501.08
2396.89
2631.96
3319.91
2577.93
2657.31
3070.59
2815.15
1979.65
2768.97
3215.54
4318.61
3227.65
2897.64
3091.14
1060.2
3039.01
2538.59
1264.73
2380.86
3156.28
3159.89
1431.7
3277.65
3747.72
4199.13
2236.21
2690.19
2750.95
2248.55
2724.3
3445.1
4095.59
2677.54
3061.82
3530.97
3750.15
3378.18
2839.95
3005.54
2851.59
3023.62
3343.08
3659.28
3569.16
3421.04
2123.24
3322.82
3654.83
1776.77
3115.15
2633.09
2761.59
3102.65
3774.17
4031.91
2556.35
3169.33
3469.64
3122.45
4289.53
2456.03
3439.69
2410.08
2332.63
2623.2
2960.57
2652.78
3021.57
1620.64
3056.12
3273.37
3428.78
2652.85
2687.96
2745.9
2334.5
2799.18
4046.65
3900.62
2586.76
3007.49
1778.66
3339.03
2700.61
1685.63
3116.66
2774.72
2338.95
2208.63
2013.02
3628.79
3286.06
2222.65
2871.18
3956.09
2285.43
3056.67
3159.47
3678.84
2814.6
2550.85
3077.36
2270.61
3051.8
3372.78
2760
2676.04
3649.92
2144.8
2742.65
3154.18
3136.54
3178.07
4395.95
2229.96
2517.26
3755.41
2057.18
2807.55
2772.33
3544.77
1690.92
3318.18
3210.08
3202.01
3104.13
3059.15
2215.21
2060.38
2559.55
2267.07
3196.94
3134.65
2614.42
3893.5
3363.07
3204.6
3374.89
2905.94
2958.03
2499.29
3005.12
3040.52
2908.93
2505.31
3553.84
4784.7
2644.43
2561.48
1551.54
4037.84
2796.77
2674.75
2749.7
3028.66
2728.87
2580.55
3131.72
2981.58
2599.84
3848.88
3550.1
2629.22
2255.03
3237.11
3545.54
3402.55
2549.4
4014.13
2795.83
3113.09
3167.14
3360.01
3507.54
2517.65
3253.5
3308.92
2621.44
3774.05
3511.14
2782.04
2481.96
3262.02
2738.39
2497.05
2782.59
2756.38
2208.28
2671.34
3578.98
3899.99
2166.52
2816.66
4384.35
2823.97
3667.2
3085.42
3106.72
2396.12
2904.54
2735.56
2818.81
3839.65
2269.76
2887.74
3288.22
3969.57
3074.24
4583.35
3275.8
2333.07
3250.11
2000.69
2348.96
3440.84
3417.38
2823.61
2910.4
2611.13
2260.68
2259.64
2490.53
4350.28
2853.58
3040.83
4522.4
2243.23
2811.93
3524.1
2891.81
2624.99
4151.05
2880.19
3035.19
3292.1
4338.16
3747.83
3426.39
2580.06
2492.67
3404.78
2968.26
2254.38
2638.92
3266
2922.2
3523.98
1642.02
2666.45
3015.33
4970.95
2739.39
4053.02
3122.48
2447.72
4087.13
2874.27
2935.77
1876.52
3128.38
2432.64
2430.08
3485.08
3887.73
3287.27
3643.9
3493.26
3618.7
4190.99
3409.34
1887.19
3117.77
3338.67
3514.15
3273.18
2323.09
2275.9
3051.85
2501.36
2678.89
3843.6
1717.03
3054.1
3077.75
4108.42
2390.35
3292.21
2734.7
2138.15
2746.77
2855.12
3116.49
2334.37
3974.29
3734.53
3110.3
2788.15
2323.58
4240.51
2328.24
2379.05
4042.43
2244.51
3601.04
3011.52
3266.19
3116.89
3509.35
2473.13
2930
3018.61
3240.98
3250.57
3188.59
2147.82
1842.23
4795.89
3810.52
3573.15
2629.91
2675.4
2091.72
3510.86
3182.05
2181.68
3611.78
3287.01
2448.9
3122.24
2469.85
3533.73
3061.53
3201.61
2481.06
3107.59
2585.89
2496.2
3972.86
3219.29
2121.05
3162.91
2271.71
3353.7
3108.5
2739.58
3337.22
2427.27
3015.74
2745.29
2763.06
2814.24
3752.22
2684.35
3467.23
2796.68
4037.23
4163.99
3806.94
3026.38
2109.51
3200.08
3156.23
2726.58
3454.16
4348.76
4247.67
2212.48
2807.32
2832.62
3450.36
3330.38
4511.45
2506.34
3023.01
3597.19
3045.3
2420.58
3838.33
2213.69
3044.71
2354.43
4025.06
3207.73
3505.34
4268.44
2607.97
3001.02
3497.6
2279.57
3110.18
2999.62
4067.51
3075.09
3300.62
3289.87
2772.56
3819.69
2916.32
3273.17
2462.95
3039.97
3253.32
3953.09
2652.23
3444.03
2379.35
4321.31
2641.77
3859.09
3748.76
3262.52
3915.75
3350.47
3046.32
3887.35
2343.6
3202.81
2658.5
3652.21
1554.1
1929.6
3059.44
2987.35
3917.86
3155.24
2145.2
3504.16
3744.87
3416.36
2874.05
3428.79
2429.73
2508.52
1555.89
3608.74
2593.66
2976.56
3105.34
3808.09
2767.15
3021.54
3327.58
2840.72
2615.13
2557.77
3321.98
3649.8
3845.44
2606.94
3983
2274.04
2218.17
2749.09
2845.62
2668.09
3347.72
3033.52
3815.58
3536.05
2759.94
3192.31
2337.58
3505.27
2813.59
2706.39
2631.37
3008.31
2922.2
4123.49
3164.4
3323.24
3502.3
2448.73
2287.12
1865.63
3628.99
2341.4
2330.08
2444.88
3025.09
3573.42
2775.47
2660.03
3333.06
3809.4
3718.35
2608.97
3572.96
2852.55
3136.23
2991.12
3399.77
3534.2
3968.57
2314.1
1954.37
2889.65
3310.65
3895.6
3697.7
3392.38
3090.13
2556.18
2342.93
3397.92
3136.92
2369.48
3391.48
2813.95
3806.7
3303.1
2727.02
2641.19
3681.4
4625.85
2850.48
3384.76
2932.37
2430.07
2295.94
3369.87
3529.4
3783.27
1791.45
2625.63
3095.15
3395
3687.86
3299.03
4485.2
3010.37
2545.09
2197.39
2749.58
2979.45
3494.51
3479.32
2826.28
2496.53
2758.79
3077.76
1934.78
2266.07
2481.23
3291.31
2973.63
3689.31
2559.31
3311.3
2848.45
2601.68
2143.57
3507.86
3211.36
2535.46
3835.28
2243.03
4158.74
1974.74
2699.73
2871.79
3792.79
2816.28
2841.75
3587.11
3667.42
2616.54
1996.28
2807.47
2494.97
2707.38
3976.18
2725.76
2990.9
4456.67
2426.05
3421.32
3445.95
3039.1
2046.44
3386.38
4249.42
2089.49
3820.51
2799.44
3712.78
3270.57
2219.86
3618.28
2660.7
1515.68
4007.75
3282.3
3160
4554.05
3174.96
2422.12
3007.8
3289.17
4332.98
2466.03
2875.14
2739.1
2730.95
3354.19
3546.02
3132.02
2311.63
3251.69
3078.46
3385.18
3211.15
3905.76
4095.8
2273.94
3990.15
2402.56
2985.02
2083.43
3146.06
2708.13
3867.33
2807.58
2437.44
2778.12
3165.6
2169.1
3077.2
2373.98
2800.29
2489.11
2508.71
2717.38
3067.25
3711.72
3105.03
2785.74
2849.7
3788.72
2397.15
2388.92
2301.58
2331.35
2179.19
3306.65
3803.29
2718.99
2808.22
2639.82
3982.34
2926.39
3829.5
2433.85
2601.7
2646.47
3563.82
3009.43
2983.93
3252.24
3150.33
2696.55
3407.51
2252.82
3461.94
3716.27
3011.27
3328.86
5238.39
2036.96
3177.97
2472.6
3315.63
2814.68
3471.55
2882.57
2639.16
3336.69
3174.08
3385.69
2715.6
2849.39
3174.97
2381.74
3765.53
3358.86
3713.82
2565.18
3468.71
4080.53
3687.69
3044
2685.02
3458.34
3761.2
2094.46
1955.38
2703.91
3251.54
3799
3322.73
3000.82
1855.37
2764.51
3001.88
1882.97
3587.59
2598.69
2730.52
3288.35
2683.77
2564.61
2835.23
2394
3467.23
3722.41
3635.69
3821
2986.32
3713.89
2175.34
2354.83
2725.28
3137.76
2804.69
2500.05
2834.41
3211.43
1965.23
2499.42
2587.79
2642.15
2692.48
3017.48
4183.51
3316.89
2705.82
3112.92
4242.26
3178.63
2952.99
2946.75
3438.16
3169.83
2362.42
2719.3
3027.65
3919.84
3186.26
2855.79
2885.41
3113.49
4044.9
3520.85
3131.12
2800.96
4158.02
2857.7
3376.04
2448.14
3121.63
3977.2
2546.38
2759.27
3524.31
3203.78
2761.08
3347.93
3831.4
2677.83
2933.54
4598.46
2374.82
2332.24
2844.51
3097.17
3548.89
2967.53
3321.4
1744.11
2873.47
2154.06
3018.58
3306.2
2902.11
2826.71
3156.3
3135
3291.95
2493.33
3177.7
1810.22
3547.82
3589.53
3071.28
4165.02
3788.11
2911.89
3384.61
3911.88
2246.82
2874.71
2509.63
2430.12
3094.86
2812.34
2871.99
3583.52
2977.62
1813.28
2528.87
2628.23
4067.58
2585.58
3385.12
3267.74
3131
2888.42
3114.32
2653.16
3599.13
3544.84
2545.84
3612.68
3576.16
3095.41
4206.96
3655.22
2551.01
2967.77
2811.64
3160.77
2280.24
2209.07
2099.93
2919.79
4320.2
2631.67
2613.68
3981.02
2887.12
3120.73
3310.3
2016.26
2639.14
3354.28
2928.2
3570.11
4112.68
3086.17
3047.18
3264.66
2737.04
3092.68
2523.43
3014.22
3837.37
3367.78
3930.11
3109.28
2671.26
3601.37
2501.93
3535.09
2618.29
2428.19
4143.64
4336.51
3145.75
3442.88
2292.72
3405.88
2771.58
3404.07
3642.27
4502.17
2320.45
3347.74
2899.24
2776.83
3522.58
4802.49
3095.16
2869.22
3578.07
2664.29
4046.68
2744.33
2444.31
4369.5
2440.14
3342.42
1834.05
2176.36
3685.65
3538.8
3069.38
3180.18
3224.21
2172.95
2350.5
1968.29
2817.22
2264.22
2982.65
2632.02
2614.08
3407.93
2086.67
2970.37
3071.38
2902.99
2920.14
2485.04
2827.28
3983.25
3212.12
2783.07
3205.42
4096.48
3494.76
2940.09
3653.97
2703.75
4079.45
3668.26
2515.76
2339.05
2637.37
3519.05
3127.79
2511.6
2331.91
2769.82
3860.03
2140.93
3385.72
2439.8
3275.58
2485.77
2755.57
2839.1
3634
3110.93
3862.24
2780.6
2723.71
2977.74
3378.61
2666.98
3962.87
1807.87
3087.57
3397.02
2190.18
3029.46
2731.19
3570.37
2023.59
3135.02
2660.3
2345.2
2817.59
2307.3
3988.38
2409.5
2981.07
2468.83
3237.46
2763.9
2649.96
3213.81
2763.11
2889.42
2836.8
3750
3402.27
2434.09
2721.75
2854.37
3118.32
2529.18
3508.94
2192.5
3464.65
2906.44
3040.41
4068.89
2792.13
2749.14
2197.42
2403.39
3056.9
4532.56
1854.77
3257.95
3525.23
3182.84
3411.46
2756.03
3027.39
2241.97
3758.7
3201.42
3688.01
2747.97
2644.08
1562.41
3688.2
2773.35
2897.03
3048.67
3101.53
1923.01
2873.67
3454.79
2203.84
3446.65
2881.68
2775.52
3866.38
2849.14
3544.01
3236.15
4370.78
2995.48
3388.94
3185
3134.84
2228.57
2282.35
3007.13
3045.05
2566.91
2371.68
2417.26
3762.42
2464.6
2561.59
2417.39
3409.37
2390.2
2264.19
3017.07
2986.4
2658.18
2686.69
1571.59
2841.29
3129.14
3827.52
2684.81
3430.49
3018.84
3364.11
1994.93
2424.76
3234.35
3138.99
3964
2148.87
3037.8
1896.29
3233.09
2803.01
3387.97
2610.4
1952.93
2919.21
3258.98
4075.43
2670.68
3350.79
2576.88
3011.37
2880.81
2912.06
3066.68
3546.41
4199.8
2032.97
3151.36
3247
1992.89
2142.55
2702.61
2459.96
2708.91
3043.12
3574.37
2854.16
3171.63
2066.56
2263.49
2283.43
2828.08
1876.16
2933.01
1892.31
3131.53
2480.3
3028.13
2631.69
2333.03
3612.49
2572
3250.65
3584.93
2566.41
2319.96
2711.26
3171.14
2810.7
3197.12
3994.39
3777.24
2703.85
2496.11
2905.66
1712.3
3105.85
2922.11
2997.26
2535.31
2909.19
2834.13
2210.73
3575.38
3532.74
2947.68
3084.9
2781.77
3325.32
1874.88
3210.07
3485.46
3488.16
2700.86
3427.77
1879.54
2738.72
2215.84
3178.54
3403.83
3077.41
2862.21
3057.13
3117.83
2233.29
2341.88
2718.91
2882.12
2546.48
3410.11
3817.51
1878.53
2354.66
2967.37
3963.09
2979.82
3087.05
2804.74
3024.12
3125.53
3931.28
3964.7
3175.06
2615.61
3696.53
2415.68
3598.63
3527.74
2202.77
2520.55
1895.35
4714.19
2079.64
2839.73
3405.02
2645.74
4321.04
2339.88
3600.79
3574.76
2392.85
3762.49
3580.2
2745.02
3627.6
2500.94
2615.1
2739.79
3752.25
2636.71
2721.85
2295.02
3258.68
3013.59
2247.11
2551.69
3579.48
3731
3407.49
2814.1
2694
3056.37
2657.38
2053.59
2875.73
3471.51
3649.14
3947.75
3345.37
3432.26
2350.25
3028.07
4045.4
3551.97
2480.58
3298.45
2623.52
3229.84
4254.47
2153.91
2478.09
1990.09
2137.58
2539.91
2100.47
3975.24
2714.03
3341.21
2328.01
3776.49
4092.77
3063.17
5094.74
2420.13
3742.3
3198.13
2533.4
2854.77
3490.6
3134.97
3939.18
2159.29
2835.18
2138.32
3657.12
2759.96
3702.04
2739.98
3293.69
3784.8
2046.47
3948.55
2473.61
3260.95
3464.61
2578.22
3881.8
1729.73
2617.22
2135.26
3256.34
2424.56
2465
3898.39
2676.51
4041.43
2965.19
2569.2
2735.32
2392.06
2904
2569.16
2645.29
2751.17
2478.92
3298.79
2666.27
3847.98
1788.78
3052.01
2615.76
3138.91
1949
3108.84
2712.81
2849.9
2554.26
2864.13
3922.45
3159.11
3308.38
3343.1
3377.08
1994.21
4121.53
2211.9
1777.81
3415.19
2144.98
3332.82
4153.73
2688.82
3437.48
4145.6
3932.35
2766.74
3766.6
2504.23
3035.58
2508.04
2418.87
2732.7
2062.63
1671.35
4159.92
3053.24
2995.78
2527.29
3320.61
4200.73
2712.63
2592.53
3795.67
3814.23
3520.28
3691.04
2516.34
3231.94
3307
2869.86
3916.33
2979.54
3218.44
3450.59
3751.77
3236.3
2545.82
2502.49
2837.77
2785.47
2898.03
2980.72
2726
2144.24
3580.54
2681.33
4084.94
3310.3
3101.89
3000.61
2919.33
4066.52
2090.53
2493.4
3836.59
3365.76
2537.68
3282.32
2091.8
3430.43
3399.16
3918.76
1872.32
3365.45
3241.66
3532.9
1873.89
3106.7
1801.45
3093.06
3473.76
4746.83
3150.69
2745.18
2258.75
3467.36
3935.67
1999.12
2280.61
2260.01
3017
4005.6
3369.82
2007.29
1962.2
1922.39
2628.25
1914.1
4087.76
2372.94
3153.01
3514.44
3158.9
1904.22
2630.49
3452.83
2902.14
2468.24
2450.02
3003.19
2014.1
3387.09
2841.33
2938.96
2876.04
2904.12
2477.03
3942.66
2354.8
2758.98
3415.12
2662.68
2856.15
3047.88
3546.72
3516.07
3589.05
4171.04
2916.08
2799.44
4472.4
3173.08
2979
4044.52
3149.57
4097.08
2562.09
3465.71
3101.16
2984.46
2445.65
2950.4
3289.38
2736.66
3721.06
3737.47
2767.53
2133.25
4021.25
3803.03
3860.36
3264.51
3861.76
2099.94
3026.01
2965.28
2330.86
3599.29
3226.54
2982.52
2533.43
3514.03
2464.37
3618.52
3069.54
2529.38
3429.48
3322.15
3600.41
2705.28
2670
2199.52
2755.43
2171.45
2902.54
3589.1
3308.18
1830.84
3854.29
2630.13
1937.02
2913.44
2160.87
2302.55
2331.08
2651.91
3023.42
2260.24
3329.03
3439.81
3011.69
3248.7
3071.68
2936.88
2962.74
2630.62
2592.23
2834.7
3056.91
3007.88
3114.59
3746.06
2534.14
2700.84
3277.78
3184.59
2343
3293.61
4096.49
2691.33
3171.02
3067.35
1713.64
3581.29
2757.21
2216.07
4287.83
3707.16
3401.83
2076.63
3213.9
3194.45
2153.98
2638.08
2264.86
3607.22
2358.62
3508.65
1927.43
3678.38
2872.51
3571.8
2931.75
2978.83
4401.75
2918.36
2723.66
2554.72
3174.91
2626.54
2899.55
3179.21
2944.53
3755.93
3166.95
2198.27
2379.17
3060.32
3711.59
2526.53
2786.08
2421.64
2798.72
3162.59
3736.51
3547.72
2949.38
4056.89
2503.67
3122.72
2119.09
3382.09
2676.84
1704.9
2727.41
2791.46
3775.25
2043.89
3451
1805.85
3105.39
2482.17
3692.15
3221.87
2251.49
3633.59
2440.64
2315.06
2484.55
3049.01
2133.59
2358.46
2276.29
3358.9
2453.9
3174.03
4081.85
4267.67
2075.5
2284.18
2366.48
2424.87
3289.89
2832.06
3002.89
3226.98
3149.66
3151.75
4026.6
3017.68
2282.17
3111.77
2169.42
3666.08
3418.6
3591.99
2880.67
3012.22
4351.4
4030.53
4824.86
2650.01
2883.87
2215.13
2951.96
3531.41
4140.53
2621.74
2950.7
2286.56
4633.11
3388.89
3338.06
2156.81
3056.14
3692.51
2569.41
2916.72
2217.54
3350.19
2435.25
3169.22
3088.07
2646.66
2329.36
3461.04
2809.15
3998.21
3474.67
3036.22
1820.77
2936.33
2121.6
2035.9
2961.16
3240.88
2441.79
3589.8
2925.5
3198.7
2719.1
1578.67
2541.29
2128.76
3442.78
2829.69
3222.43
2860.32
3148.01
3823.34
4593.25
2950.19
2926.71
3912.94
2575.25
3918.91
4549.5
2709.03
2907.82
2848.93
4406.11
2719.11
3820.71
3592.68
3803.02
2961.88
2197.71
4080.85
2438.54
3037.14
3359.84
2091.33
1797.86
2583.2
1968.88
4668.71
3988.24
3031.27
2480.1
2199.06
2598.52
2252.75
2856.25
3112.17
2339.8
2647.81
2837.7
2749.61
2854.87
2806.23
2587.08
3816.19
3844.15
2384.36
3249.09
2852.05
3250.4
2964.41
2494.8
2605.52
3575.09
2486.9
4159.8
2287.32
3163.68
3145.93
2827.79
2948.58
3137
3585.86
3201.85
2870.69
3702.81
3361.1
3112.66
3751.47
2428.87
2615.32
2979.68
2492.21
3389.92
3392.4
2893.04
2468.04
2889.8
3423.88
3297.92
2505.41
2630.54
2502.66
2244.41
3434.02
1998.3
3066.47
3123.07
2490.02
2820.67
2086.4
4014.64
2958.35
3184.4
3632.21
2656.69
2968.33
2969.1
3188.76
3079.17
3211.7
3177.95
2808.35
2743.33
3890.43
2509.92
3560.45
2465.21
3586.61
2836.18
3091.06
1687.36
2260.98
2917.43
3480.91
3311.75
2433.52
3777.94
2917.93
5203.68
3169.65
3075.72
2740.15
2391.71
2793.34
2433.31
3783.47
1943.45
2068.63
2954.51
3478.08
2894.26
3818.87
3629.41
3013.53
2741.1
3668.5
4065.03
3170.79
4018.25
2588.54
2895.85
1954.17
4603.62
2778.72
2285.92
3026.08
2746.86
2934.22
3062.84
3025.4
3052.78
2660.49
2106.59
3761.12
2888.31
3237.71
3948.21
2870.21
3075.96
4230.86
2679.55
2614.77
2884.65
3363.19
2379
2635.82
3737.81
2937.82
3155.05
2633.79
3491.56
3659.65
2878.18
2771.35
2515.97
3338.24
4102.52
3452.85
2979.82
2966.64
2324.88
2677.12
2918.85
2346.01
3810.91
2239.96
2030.33
3269.23
3311.47
2795.66
2085.79
1957.22
3372.98
2078.09
3713.91
2382.69
3364.23
2408.71
2711.5
4963.72
1681.22
3582.31
2651.35
2328.88
3007.79
2099.09
4039.95
3661.98
2908.35
2145.46
2658.65
2875.51
4414.38
3490.07
4112.76
2965.95
2646.7
3187.5
2314.26
3916.72
3165.98
2566.81
2718.46
2247.02
3681.96
2068.59
3007.78
2903.6
3679.67
3561.72
3449.97
3711.7
2068.68
2267.69
3293.04
2568.88
3488.2
2327.42
3616.91
2884.78
2528.6
3444.36
3398.62
2456.33
2143.67
2901.59
3575.28
2694.49
2286.73
3264.42
3176.52
3347.97
3930.43
2464.42
3276.43
2134.4
4217.8
3823.79
3167.28
3341.32
3716.19
3798.53
2256.38
3383.81
2844.42
2220.76
2962.01
2185.48
3110.51
2981.33
2065.9
2664.59
3403.65
3524.23
3041.84
2301.4
2453.66
3249.89
3167.63
4164.57
2807.08
2868.08
2247.55
4273.52
3145.21
3049.36
2103.08
3060.49
3335.52
1987.19
2701.4
2522.08
2058.69
2995.37
2290.92
2922.83
1830.14
3421.87
3604.22
2865.62
3867.43
2536.67
2953.82
3377.13
3391.31
3427.36
3515.73
3364.56
2608.09
2873.25
2345.79
3082.9
2114.63
3725.31
3784.75
2701.34
3679.2
2909.19
2335.34
2625.71
2819.11
4309.47
2832.63
2675.21
2427.59
2903.39
2952.95
3715.64
2687.68
2410.73
2607.91
3397.69
2886.4
2118.29
3435.92
2304.48
3631.66
2959.63
2839.29
2712.34
2915.91
3159.52
2727.46
2596.4
3268.27
2914.03
2755.89
3884.42
3932
3094.05
4014.07
4267.67
2895.64
3552.96
3598.09
2408.37
2276.12
2155.69
2396.1
2652.02
3466.9
2497
3979.69
3987.07
1674.2
3492.17
3800.45
3128.01
2319.21
2992.19
3486.78
2761.58
3766.09
2744.77
3182.44
3050.41
3084.61
3885.74
2718.59
3747.11
2644.25
2849.23
2888
3902.73
2301.28
2808.61
3378.64
3955.86
3333.62
1840.29
3196.88
3705.38
3581.96
3020.64
2746.9
3035.52
2960.99
1870.55
3222.57
3782.78
2721.98
3484.9
2575.55
3551.74
2667.99
2610.88
3250.32
2806.65
3000.74
3290.45
3335.08
2198.65
2324.39
3636.8
3159.47
2806.99
3201.8
3705.3
3496.09
2708.03
2448.38
2976.67
1822.58
3252.44
3028.34
1974.25
3321.27
3063.9
3599.95
3093.49
3038.85
2478.18
3685.66
2040.71
2819.23
3028.42
4146.37
4037.64
3120.7
4328.52
2769.03
2696.55
3505.62
4071.48
3236.41
2255.95
4112.5
3126.66
2584
3255.72
3346.85
4234.56
2526.77
2361
1450.26
2108.25
3266.7
2714.06
1855.46
3575.46
3516.32
3832.83
2525.06
2739.12
3691.24
3158.24
2396.75
2427.83
2707.66
2264.5
3136.99
2993.87
2215.01
3283.46
3329.53
2741.83
3133.16
3532.08
2961.13
3412.66
2652.21
3243.78
1908.85
3469.53
1996.22
3100.63
2052.48
1967
3166.8
2978.3
2843.3
2773.28
1703.15
2698.57
3068.13
2704.44
2576.85
3574.14
2791.06
3452.12
3454.41
3087.99
2108.24
3449.19
2447.06
2991.28
3696.34
3273.62
2932.91
3387.93
3359.08
3097.77
3210.87
3282.58
3103.43
2308.27
3216.98
2238.8
3240.78
3503.13
2690.39
2991.3
2478.04
3082.05
2589.21
3545.68
2946.6
2707.48
2829.54
3500.6
3474.13
2886.83
2496.2
2820.33
3307.78
3211.41
3565.33
4576.23
2785.35
4161.87
2636.09
3496.55
2763.9
2901.05
2745.74
2544.45
2712.74
3190.79
2902.7
2475.84
3761.69
3227.43
2911.49
3680.72
3178.48
2121.6
3725.74
2800.64
2664.3
3187.66
3468.44
2477.2
3577.82
3785.6
2757.02
2241.08
2764.24
2765.39
4215.15
3649.46
2878.27
3836.58
2103.01
3820.49
1764.19
2600.25
3205.14
3108.28
3137.32
2040.85
2648.4
2315.96
3313.87
2530.55
3049.14
3208.32
3327.58
2772.12
2502.84
2410.87
3179.71
2183.98
5306.1
2043.54
4253.96
2289.15
2206.66
3648.92
2783
3723.71
3018.9
2382.68
3673.94
2459.09
3016.44
3351.65
2507.05
3187.73
3199.62
3534.95
2471.97
2583.14
3655.65
4876.02
3299.89
3157.07
2933.78
2777.92
3063
3301.49
2555.29
2673.27
2563.48
3399.54
4134.08
3765.4
2151.23
2603.67
2415.03
2347.18
3222.34
2281.91
2934.82
2563.29
3097.09
4999.19
2561.37
2181.48
2330.66
3181.26
3043.57
4119.17
3564.89
4238.07
3216.62
2802.87
2831.18
3439.76
3290.17
3123.4
2450.74
2622.48
1815.94
3054.1
3650.53
3017.44
4090.71
2711.79
3057.83
3071.57
1772.83
2981.57
3110.47
3706.25
3020.55
1796.27
3063.53
3121.69
3433.6
4132.77
2532.31
2527.96
3373.47
4473.97
2855.76
2318.2
3258.14
4087.93
2944.73
3809.8
3420.72
3224.26
3652.84
2929.49
2777.2
2799.54
3585.66
3288.67
2253.87
3376.34
2324.6
3680.46
2814.2
2266.47
2554.8
3215.09
2466.77
3773.24
2151.83
2338.48
2157.8
1843.57
3731.89
3062.44
1969.22
2686.71
3842.24
3050.58
2400.57
2501.59
3505.5
1829.79
4048.41
3678.26
3656.85
2122.3
2237.64
2230.44
3785.51
3295.68
3266.55
3480.22
2014.31
1988.2
3545.35
4326.04
3680.24
3204.05
1806.91
3233.73
3048.64
4207.74
1641.61
3794.06
3124.57
3515.04
3062.77
3704.92
3307.22
2514.52
3093.5
2891.51
3000.01
2481.05
2972.77
3131.27
3500.3
2628.73
2631.79
3209.66
2939.66
2960.02
3847.93
2169.71
3183.02
3297.26
2630.52
3731.18
2458
2868.37
2685.44
2572.65
2533.43
3030.97
3476.58
3046.02
3131.69
2545.1
2352.35
3027.62
2797.07
3206.17
3381.35
2196.02
2642.06
2353.85
3848.86
3926.85
2735.74
2751.5
3076.11
3373.55
2997.83
2909.39
3496.57
2621.86
3126.39
2706
2979.21
4058.86
4032.38
4125.96
3041.87
2981.71
3892.39
3004.06
2988.07
3092.18
2616.91
2680.73
2211.88
2313.38
2739.5
2205.5
4335.31
3292.82
3333.35
3483.92
2935.7
3822.16
3242.96
2286.87
3055.41
2686.95
3411.36
2972.76
3281.08
3186.46
3304.85
2649.75
3317.89
3516.16
3781.82
3469.82
3001.02
1920.37
4594.82
2537.94
3373.87
2408.1
3972.24
3111.76
2153.86
2763.49
2887.77
1648.16
2788.53
3238.28
3294.69
2744.51
2921.64
3622.05
3636.98
2791.39
2617.17
2300.32
3109.42
2861.04
3761.83
3238.91
3437.77
3442.54
2645.97
2877.24
2650.63
3655.92
3754.39
1876.94
3321.58
3156.38
3813.69
2448.77
2904.09
2364.41
4148.27
3135.2
2325.15
3539.78
3448.12
3366.75
4253.81
2728.56
2944.93
1517.72
4140.35
2790.9
2712.13
1896.56
2619.45
3852.36
2523.43
3259.82
2293.8
2508.65
3401.67
3199.36
3539.91
3100.86
3246.89
3268.06
2569.14
2326.38
3043.47
2943.44
1944.43
2454.92
2619.36
2417.34
3197.47
2438.74
3796.57
2408.36
2791.47
3372.39
3049.03
3056.67
2687.2
3774.3
3387.14
3116.36
3875.13
2902.9
3119.09
3097.15
2734.19
3050.52
4412.7
3857.54
2985.77
2189.8
3567.84
2649.75
2456.09
3381.41
3312.24
3729.3
2988.51
3362.39
3647.81
3191.3
2058.25
3315.95
2756.47
2866.85
2721.88
2489.43
2286.93
3471.35
4406.91
2865.71
1929.88
3005.32
1963.2
2004
2810.64
2258.18
2261.62
3535.59
2841.38
3078.78
2598.22
3657.43
2243.33
2382.83
1785.42
3361.17
2605.16
2885.43
3953
2850.2
3285.65
2433.55
2849.25
3498.11
3161.19
3184.78
1768.14
2294.57
2644.06
2470.81
2670.35
2630.02
2826.14
3511.39
4288.23
3730.17
3862.83
1991.07
4014.75
2141.66
4070.75
3562.06
3942.77
2153.13
3728.29
2550.21
3559.96
1965.28
3302.03
2793.98
3539.71
3245.6
3187.22
3207.77
2863.13
2813.15
2589.39
3310.8
2666.15
2494.09
4148.9
3005.91
2215.46
2674.83
1812.3
2914.24
3181.24
2142.45
1878.86
4450.08
3843.42
3912.99
3655.96
2231.64
2106.43
3158.5
2759.47
2056.18
3553.47
3716.13
2379.86
2949.36
4177.9
2968.8
3202.59
2647.21
3897.35
3087.29
3583.23
2002.53
1966.63
3155.64
3541.51
2617.62
2565.12
2659.84
2580.05
2724.64
3537.55
3972.65
3372.39
3067.19
2506.37
2151.45
2860.2
3503.79
3934.19
2774.24
2700.55
3694.73
2917.94
2979.96
2396.56
4063.78
2445.58
3805.83
2137.01
4498.32
2573.86
3923.87
2599.24
2830.48
2227.07
3874.31
2013.68
3598.16
3295.04
2702.41
3360.88
3082.95
2618.68
3117.87
3111.72
3955.31
2509.87
2392.88
2007.9
2450.82
3878.08
2625.21
2342.63
3955.53
3003.4
2407.51
3288.26
2843.22
2611.22
4087.84
3377.65
2405.14
2634.09
2526.24
2374.4
3217.7
3983.83
2797.11
2775.7
2746.83
2376.62
3413
3011.25
3566.99
3314.6
2755.51
3199.8
2331.83
2592.37
3793.93
2265.84
1824.27
3604.63
2684.97
3202.56
2931.86
1940.98
4028.49
2582.67
3506.97
3964.7
4434.54
3546.77
1830.43
2932.86
3023.3
4957.11
3345.91
2480.03
2903.34
3303.17
2628.34
3300.36
2568.88
3040.48
2212.32
3974.51
2351.05
2392.08
2698.92
2593.27
3045.74
2336.5
2866.44
2756.25
3252.02
3798.96
2625.85
2763.47
2052.35
4117.38
2099.5
1655.67
3676.14
2742.88
3547.37
4354.37
2776.72
2784.76
2676.21
2502.16
3520.32
2999.84
2412.49
2447.53
3278.13
2835.5
3339.14
2556.94
2474.46
3000.98
2436.14
3415.37
2549.97
3721.78
2340.86
3466.8
2305.87
3615.61
4488.08
2686.83
2527.55
2344.73
2519.73
4800.73
4110.95
2229.22
4318.53
2091.61
3361.95
3298.43
2039.2
2277.9
3301.14
2604.28
2896.26
3665.83
3710.34
1997.67
2822.8
2566.58
3192.15
2008.65
2260.93
2271.07
2759.29
3539.73
2797.87
2033.76
4245.62
2555.17
3019.44
3877.88
4063.99
2486.91
2133.01
1908.68
3486.22
2403.18
2870.52
3134.82
2538.03
4650.38
4013.81
2473.91
3366.58
3115.49
4106.6
1621.7
3930.73
2254.71
1981.78
3907.64
2343.42
2582.3
2363.92
3449.37
2883.07
2367.44
2402.91
3471.14
2291.21
3334.93
2558.81
3174.18
3240.85
2756.07
2757.37
4473.51
2374.88
2414.97
2560.94
3784.87
2236.26
3050.23
3204.59
2626.17
2659.54
3355.54
3080.24
3021.61
3093.5
3241.5
2987.75
2209.82
2100.27
2363.03
2662.93
3144.93
2509.53
3344.72
3289.6
4269.11
3578.97
2872.76
2506.52
2258.88
3486.67
2620.92
2763.53
2373.73
3219.17
3030.6
2255.46
3375.45
4406.09
2639.02
3479.98
3653.64
2483.98
3847.12
3112.46
2478.93
3404.1
2575.11
3115.53
2163.47
2357.56
2464.3
3716.01
2500.86
3248.29
2632.41
2878.93
3521.88
2826.22
2942.24
3842.83
2884.65
2789.14
3566.28
3284.22
3664.09
3030.33
2641.77
3746.03
3653.06
3060.43
4316.32
3122.44
3190.11
3101.42
2236.64
2802.89
2361.74
3381.98
1940.13
3036.01
3727.96
2967.63
3954.1
2963.49
3020.21
3668.83
3391.52
3435.17
2847.81
3863.84
2391.29
3072.84
4179.73
1887.85
3048.46
1698.47
3690.29
2966.46
2959.43
1978.95
4112.65
4036.96
2950.19
3137.08
2257.59
1958.56
2198.08
2901.97
3213.98
4291.74
3579.82
4774.67
2935.11
3653.74
2331.92
3767.05
3063.24
3211.06
3537.28
2376.32
3016.82
3249.61
3684.5
2784.3
3462.59
4001.54
2553.36
3981.73
2815.61
2857.95
2582.76
2689.48
3637.55
3498.2
2782.37
3135.1
3588.77
3143.78
2240.4
2541.59
3988.03
3204.13
3607.2
3188.13
3376.87
3125.27
3105.67
3290.94
2963.06
3856.2
3350.81
3171.27
1926.64
3372.29
2929.74
2999.02
3050.33
2911.01
4330.55
2614.92
3086.84
2696.98
2956.77
2339.3
3548.71
3075.19
3815.42
2028.29
2286.52
2692.33
3938.77
3629.26
2717.54
3295.69
3011.71
2853.06
2555.55
2190.51
3176.01
3566.11
2855.72
3983.86
3204.76
3154.91
2443.2
2068.45
3184.46
1547.6
2294.93
2962.13
2975.63
2816.38
2940.78
4236.16
3883.38
3627.4
2856.34
2801.68
3478.78
2852.88
3498.53
4346.08
3426.64
4404.73
3352.24
3625.66
2418.91
2129.38
3015.46
2291.76
3497.8
3268.59
2891.91
3420.4
3064.47
2832.64
3152.15
2569.88
3001.73
3979.46
1860.61
3684.62
3121.57
2411.88
2570.95
3212.82
3173.31
2970.27
3914.79
2357.9
2529.89
2351.17
4134.39
3455.22
3465.86
2288.77
3274.89
3911.85
2102.02
3143.4
2592.26
4146.09
1993.42
4315.8
3949.37
2913.24
3052.04
3109.5
2426.01
3803.1
3454.84
3192.14
2476.44
3472.15
3266.97
2295.98
2319.28
3446.67
3212.15
2991.92
2919.4
2175.8
3993.99
2004.3
2164.72
3852.15
3224.44
2952.48
3354.1
3464.36
3849.48
2697.15
3963.1
4070.55
2487.75
3583.93
2675.02
2588.49
3326.83
3400.36
4218.26
2649.77
3063.84
3353.36
3515.53
1840.37
4092.95
3044.46
2987.37
3106.15
2684.23
4279.94
3774.35
3864.61
3940.88
3573.08
2071.35
4112.98
2408.05
2597.14
2633
2999.5
2330.44
3600.71
2634.38
3252.02
1593.48
2787.17
3217.54
3118.68
3116.56
2535.64
3907.1
2604.91
2905.03
3497.23
2833.72
2317.43
2883.9
2109.89
3113.42
3206.17
2922.8
3141.18
2117.07
2880.1
3834.01
2868.94
3434.88
3231.51
3697.18
2552.77
2416.36
4075.31
2567.96
3050.17
2630.59
3436.18
2566.94
3331.77
2392.9
3312.53
2708.35
2192.47
4323.21
2636.42
3374.75
2876.83
2326.5
3741.15
3335.8
2300.63
2480.83
2481.47
3544.75
3024.42
2416.34
3562.28
1945.07
4020.85
3692.8
3261.3
2871.07
4144.6
3734.68
3784.5
2860.23
2894.5
2327.27
2940.22
2777.8
3770.82
1844.52
3758.12
2457.07
2909.31
3025.35
3678.43
2093.44
3448.33
1756.1
4819.38
3022.77
4140.13
2260.78
2998.9
2843.05
2756.3
2834.93
2547.22
2186.41
3572.31
3369.39
4617.69
2296.71
3509.68
3362.36
2257.91
2661.21
2083.28
4303.28
3333.65
3898.02
3354.59
3802.47
2357.24
3588.42
2950.27
3302.15
3523.1
3015.39
2590.14
3318.09
2617.27
3498.58
3487.7
3007.94
3061.18
3597.43
3782.35
3146.78
2952.57
2701.35
2840.05
2892.99
2943.36
3357.09
3331.94
2899.94
3057.38
1815.24
1959.6
2784.19
2773.97
3204.96
2790.6
2364.8
1802.33
2457.97
3045.58
3026.18
2096.34
2688.46
2770.21
2966.84
3255.72
3624.14
2721
2613.5
3671.93
2689.56
2400.33
1984.99
2301.36
2047.69
2912.37
2685.62
3409.15
3048.16
2371.31
3230.57
3380.14
2393.25
2976.72
2177.65
3728.17
2347.41
3009.99
3219.38
2295.36
3500.97
2586.36
3401.21
3300.45
3463.72
2260.21
2635.51
2561.98
3362.87
2957.76
3017.04
3336.04
3059.8
2354.24
2153.5
3558.34
2493.1
2639.03
2207.25
2448.18
3153.91
2954.18
3236.06
2968.58
2651.67
3736.05
2233.7
1897.58
2912.47
3265.35
2976.06
2922.92
2618.3
3311.83
2698.18
2426.32
2663.11
3965.79
3562.94
3021.18
2955.83
2818.67
3522.26
2493.33
3098.6
2747.83
2201.73
2569.97
3707.98
3049.1
2705.24
3343.37
3470.66
2567.46
2549.98
2736.61
2731.91
2631.67
3230.31
2919.85
3370.29
3387.25
2878.69
3091.01
2039.29
2655.27
2829.82
3402.14
2934.5
2860.15
2710.43
2938.42
2740.67
2900.21
3579.6
3603.88
3332.76
4197.79
2330.31
2830.7
3613.93
2865.59
2991.99
2388.36
3488.56
2586.86
3231.12
3542.34
3147.35
2997.98
2633.84
2693.27
3357.21
4470.32
2729.47
3830.09
2558.53
2415.51
3511.2
3517.44
4401.23
3592.25
2163
3776.94
2006.26
2930.22
2426.5
2737.67
3395.92
2995.31
2412.59
3387.99
2476.64
3332.4
2321.37
2162.34
2096.18
3072.19
3602.69
2520.19
4874.31
2781.23
2303.01
4003.12
2828.13
3905.95
3335.55
2857.24
2755.62
2394.45
2571.25
2285.86
3754.98
3007.33
3108.05
2965.53
2842.27
3069.85
3310.25
3908.53
3500.75
3740.33
2972.81
3326.24
3623.9
4204.37
4676.15
3464.28
2681.99
2602.18
3187.95
3403.57
2494.19
2663.07
2679.85
3408.98
3731.83
2711.84
3433.49
2764.37
2971.29
3559.23
4631.54
2199.86
2098.25
2763.2
1970.07
3017.27
2241.05
3255.6
2640.34
2543.01
3118.03
3678.14
3837.49
3411.31
2397.24
3387.58
2360.38
2340.63
2591.9
2315.07
3469.98
4449.49
3690.84
2766.17
4450.43
3827.59
3619.8
4004.2
4258.41
2505.15
2655.63
2715.84
2442.01
4254.42
3151.4
4153.47
3321.5
4175.13
2895.1
3028.2
3717.05
4350.97
2753.62
2935.97
2414.99
2559.53
2812.56
3788.07
2654.02
3575.51
2938.84
3131.59
2409.36
3520.2
3895.02
3623.19
3252.54
2459.78
3041.81
2045.22
2379.67
2995.93
2673.53
3052.03
2789.93
4205.29
2892.33
2608.49
2916.36
3504.48
2345.56
2163.38
3356.07
2918.79
2372.57
2626.84
3157.78
2382.97
3235.25
3479.74
2277
1466.97
2763.52
4203.14
2409.36
3713.25
3636.01
2806.36
3197.32
2189.39
2602.73
3662.16
3155.99
3032.49
2556.44
1958.88
3069.78
3497.92
2620.83
1548.97
1858.7
2373.21
3383.59
3169.65
4591.14
2370.92
3516.74
2851.42
2149.99
2678.6
2800.62
3173.96
3328.15
2442.81
2972.39
3344.65
2994.35
2630.27
3517.02
3127.06
3727.6
3790.86
3051.04
2563.34
3889.87
2413.98
2522.67
4243.23
2609.62
2234.89
1923.44
2928.71
4482.05
3405.74
3315.34
2096.46
3028.2
2760.69
2569.36
2303.24
2499.82
3249.93
2218.2
2076.76
2887.05
2407.62
3278.78
4222.45
3524.74
2788.1
3233.56
2265.49
2450.8
2938.27
3293.81
2128.51
3921.57
2850.06
2882.83
3055.35
1966.91
4191.55
3283.71
2175.61
2590.53
2756.57
2432.5
2971.57
1777.03
2736.88
3228.27
2868.05
3022.64
3651.07
3307
2816.76
2324.14
4362.27
2550.68
3461.33
2098.08
3425.9
3267.7
2621.09
4203.12
4892.43
3823.65
2897.86
2845.58
2213.75
3166.61
3385.43
1816.21
3676.72
2814.02
2858.88
3082.35
2489.99
3667.01
2894.85
2345.02
4075.04
2893.61
2860.84
3060.59
2148.33
2811.18
2119.79
2478.81
3772.28
3480.94
2229.92
2485.18
3618.03
2578.48
3763.7
3377.57
2825.08
2785.29
3048.72
3167.11
2252.05
4054.77
2492.52
3542.1
1837.96
4527.77
3041.85
2856.34
4086.1
4043.07
3288.03
2195.3
2637.1
3027.24
2696.11
3060.44
2572.48
2769.43
4126.87
2142.84
3902.75
3317.96
4690.43
3802.14
2381.22
2593.72
3460.22
3168.21
2215.01
3014.12
2997.82
2195.55
3442.06
2455.02
2742.07
2088.38
2655.26
3304.45
3866.51
2529.6
2762.07
4410.21
3968.18
1880.57
3258.14
2427.92
3589.18
2829.1
3437.47
2675.34
2137.94
4674.04
2757.87
2784.09
1796.96
4483.35
2385.37
3729.13
3870.83
2386.74
2832.14
2952.85
2791.81
3820.88
2757.92
2307.21
2751.8
2663.03
3087.31
3502.82
3140.09
3565.88
3204.1
2760.57
4035.98
3443.18
3698.19
2554.66
3564.87
2380.19
2812.83
2622.46
3475.41
2847.37
2619.22
3342.06
3062.18
3438.7
3278.16
3785.18
2978.16
4001.99
2575.38
2202.56
3825.57
2645.84
2516.71
2842.25
2810.22
2333.59
3652.45
2727.91
3411.48
3217.48
2076.52
2565.57
3265.84
3792.76
2553.39
3412.43
2413.18
2329.61
3093.15
3535.66
2144.57
3238.72
2294.24
3307.66
3668.2
3050.56
3677.54
2787.05
1843.54
2805.99
2748.24
3079.92
2214.34
2783.3
4014.36
2724.17
2231.86
3164.84
4651.59
3294.52
3153.85
2464.53
2613.26
2806.46
2529.12
2403.39
3809.05
2041.62
2579.45
3421.83
3093.52
2877.64
3178.98
3696.69
3805.79
3735.6
2695.77
2001.72
1814.61
3787.11
3673.39
2680.93
3471.23
2433.99
3378.93
2627.91
2161.74
2735.35
2327.02
2811.97
2326.18
4078.68
2753.49
3851.8
2552.61
3173.14
3507.4
3089.56
2952.25
3576.88
2629.1
3251.77
2860.53
4402.24
3457.96
3738.57
3480.93
2140.98
2932.75
1983.82
2183.39
3541.98
2820.08
2189.6
2520
2618.75
1860.8
2819.3
2730.17
2780.28
3468.06
3671.62
3527.19
2077.69
2394.31
4532.68
2417.45
2968.69
3224.35
2901
2601.18
2883.55
1684.04
3579.99
2285.56
3228.36
2460.88
3310.13
2258.83
3415.98
3152.83
2742.22
2284.94
1604.34
2766.78
3292.29
3508.47
3733.84
3490.42
1925.76
2448.23
2810.85
3636.56
3012.55
2705.7
1901.29
2781.42
2615.97
1749.15
3073.09
2493.34
3793.59
1987.97
3167.9
3042.68
2979.31
2252.52
2642.52
3037.65
4283.69
2423.27
2618.34
2689.27
2910.39
2198.38
2984
1695.99
2136
3117.98
2349.74
3410.72
2406.59
2140.06
2664.72
3086.77
2847.46
3433.28
3162.53
4783.28
3368.7
2823.13
2542.71
4500.6
2124.53
2431.08
3364
3106.32
3929.21
3869.18
4249.31
2860.59
3390.03
2329.92
2185.42
2873.48
4075.89
3119.98
2328.54
3680.41
2853.7
2548.55
4064.15
4564.37
3594.64
3316.83
3215.16
2334.42
2891.7
3022.89
3222.97
3360.49
3210.11
2807.51
3093.91
3806.29
4028.12
2659.58
3863.97
3581.92
3082.31
1808.26
2906.01
3504.2
2659.84
2183.88
3848.77
3110.78
3684.08
3941.82
2880.33
3614.86
2566
3116.91
3105.93
3958.53
2706.73
3391.17
2951.3
3235.97
3268.05
2200.46
3676.09
2765.36
2981.59
3539.66
4278.42
3115.03
3048.91
3810.36
1510.43
2889.22
2576.34
3254.44
3039.47
2198.61
3978.21
3918.9
2930.18
2822.97
3174.8
2742.85
2274.07
2938.22
3330.19
2700.99
4354.72
2870.12
2374.64
3083.65
3266.99
2338.88
2218.83
2521.79
2221.08
2367.7
1478.06
2913.43
2845.17
2988.81
3103.97
2922.46
2989.2
2294.6
2819.09
3485.46
2448.3
2821.05
3021.21
2335.16
3449.45
2690.42
3152.67
2258.38
2959.61
2629.04
4447.71
3023.89
3440.89
2615.02
3224.33
4072.21
3007.91
2303.41
1645.01
3695.19
2086.04
2523.08
4435.41
4205.32
2826.66
1768.48
3416.13
3304.29
2238.38
1928.69
3801.31
3069.68
3134.92
3888.33
3871.8
4192.76
2964.12
3006.9
3219.97
3076.41
3326.99
2142.4
2665.84
4060.81
4145.69
2364.28
3389.52
3171.29
3065.09
2395.9
2444.01
2885.18
3111.94
2891.59
3288.68
3041.46
3895.78
2464.82
3424.48
2366.51
2603.36
3245.92
2653.33
3071.09
3154.97
2659.83
3007.41
2929.13
3476.68
3224.89
2131.45
3088.25
3677.4
3097.76
2741.99
2953.11
2277.12
2397.78
2899.58
3357.56
4250.99
2919.8
3623.32
2512.96
4169.81
1781.29
3603.51
2938.61
3482.14
3513.85
4535.26
2418.79
2541.7
2347.91
2338.27
3098.25
3285.51
2127.27
3763.68
3059.96
3252.29
2517
3460.79
1911.82
2627.63
2660.17
2843.64
2451.81
2013.42
4345.58
2870.29
2645.28
2953.8
1795.99
2222.97
2069.78
2902.13
4047.48
1871.16
2289.88
2806.3
2159.95
2887.12
2044.6
2982.36
2255.33
4179.87
2069.26
4057.35
2524.53
3189.06
2692.26
4252.48
2640.08
2509.36
2437.2
2787.3
2869.76
3955.47
3288.28
3474.58
2214.07
4140.55
3334.75
4109.48
2418.21
3056.83
2703.69
2921.57
3734.91
2989.25
3297.2
2838.31
1846.01
2635.87
2514.91
3895.91
3242.1
3395.85
3343.85
3389.3
2320.63
2393.62
3491.6
3108.58
2300.9
1914.04
3451.95
2887.63
3929.43
2522.26
3676.73
3506.09
3091.84
1445.12
2463.16
3743.09
3260.84
1716.27
3036.07
3058.79
2839.84
2586.04
2875.16
2662.25
2954.75
3558.92
3046.04
2698.32
3317.46
3790.61
2692.96
4838.79
2786.36
2850.55
2223.36
2826.52
3234.31
3061.67
3134.03
2851.14
4218.21
3073.12
2335.87
2624.9
3022.94
3270.98
2297.9
2381.97
3449.38
3438.27
3200.5
2290.64
2898.98
3373.91
3428.31
2641.2
3170.15
2883.03
3090.68
3185.53
3048.53
3217.64
2366.91
3532.36
2124.45
2291.5
3322.25
3300.39
3307.54
4076.87
3105.69
2838.8
4230.81
3312.82
2889.38
3286.42
2618.5
4964.62
2761.43
2488.37
2649.59
2968.29
2408.56
2718.64
3027.1
2275.28
2397.62
3901.67
2190.29
3278.44
1890.02
2783.34
3820.51
3703.18
2659.75
3201.31
3429.63
3766.16
3617.77
3050.55
2870.12
3147.89
2139.12
2263.29
3441.5
2913.3
3682.94
3583.86
3486.21
2582.22
2645.45
2318.26
3553.45
2492.99
2450.15
2512.11
2836.61
3409.55
2779.91
3019.55
2854.98
3071.16
3371.94
3005.31
2297.86
2274.04
2887.58
3522.31
2336.02
2710.78
2193.97
2833.77
1945.92
3443.52
3280.65
2917.29
3298.61
3259.38
3752.71
2596.44
3018.36
2184.3
2373.06
2136.82
1990.87
3151.39
2323.8
4642.68
3219.54
3484.87
3558.29
3325.06
3334.77
2777.63
2715.33
2232.61
3152.69
2842.46
2039.68
2556.24
4039.91
3355.61
2957.68
3263.43
2502.11
3911.09
3443.37
3070.88
2493.75
3221.19
1890.9
2881
3221.24
3557.8
3126.65
3181.78
3555.1
3122.37
3087.24
2814.37
3261.73
3276.62
2636.4
3006.68
3257.55
3460.31
2303.84
2766.44
3052.05
3279.36
4277.24
3444.36
3357.01
2739.44
2434.3
2155.29
3134.61
2858.88
2289.6
3544.94
2180.37
3591.02
2898.18
3657.62
3113.63
2281.96
2267.07
3365.42
3742.57
2664.49
2928.3
3491.43
2333.64
2739.19
2225.8
3743.57
4030.52
2568.69
2506.85
2426.81
2518.17
2656.64
3589.15
2985.95
2467.5
2804.68
3400.39
3612.81
2812.71
2188.44
3035.33
2991.03
2221.33
3754.96
3087.08
2647
2695.8
2852.49
2315.36
3525.88
3017.24
2708.64
2221.42
2352.2
3498.2
2739.11
3572.24
2882.33
3306.34
2360.53
3689.68
1503.17
3165.21
2286.8
3401.8
2412.18
3329
2563.34
3105.05
2802.84
3655.8
3580.15
3386.87
3403.9
2110.24
2408.88
2950.47
2080.93
4446.78
3335.02
3300.58
2569.57
3320.24
2244.44
3595.84
1994.09
2655.71
3009.21
2279.29
4105.71
2429.33
2973.01
3225.42
2492.82
3067.1
2612.7
2797.02
3699.34
3171.02
3696.83
2989.87
3181.8
2697.34
3261.21
3010.28
3303.61
3974.14
2753.13
2425.18
2691.21
2752.2
4870.52
3599.65
2749.17
2396.83
3508.09
3167.14
3185.83
3971.66
2465.86
2385.46
3450.7
3976.33
3369.89
2445.79
3135.2
3514.76
3330.17
3070.31
2365.08
3471.9
2061.07
1881.68
2480.12
4645.23
2086.82
2594.29
3095.56
2823.67
4096.43
2419.34
3452.48
3982.8
2895.36
2954.94
2642.63
4179.38
2228.65
4259.93
3797.44
1640.61
2387.25
3961.31
2452.19
3275.4
3464.48
2824.05
3822.26
2503.11
3813.65
3005.04
3101.96
4000.8
2745.06
2426.56
3520.02
3072.72
3711.56
2848.86
3171.92
3406.18
2684.39
3256.3
2271.12
3410.4
2663.61
2312.28
2837.87
2205.76
3273.19
3201.51
2927.5
2567.35
2780.25
3692.83
2475.99
2329.01
2384.72
3545.73
2878.73
3129.78
3771.2
4786
3970.92
1987.98
2353.49
3159.36
2255.47
2883.4
4120.03
3439.71
3368.69
3508.94
2550.75
2285.75
2326.68
2164.03
3797.6
3475.2
2589.23
4102.16
2212.94
1818.03
3330.83
3320.08
3384.89
1997.93
2403.32
4239.16
4455.08
3212.9
2402.95
2170.68
3356.21
2405.37
2483.29
3226.5
2699.62
2481.24
4303.62
2361.6
3509.36
3944.44
2510.2
1771.92
1981.78
2677.15
3389.38
2963.42
4020.95
3188.61
3329.25
2788.26
2890.44
3697.03
2621.66
2875.08
2150.88
2764.18
3269.86
2193.78
3443.24
3160.66
3091.43
2664.46
2382.7
3812.92
2782.79
2022.35
2514.05
3551.66
2854.38
3582.73
2434.85
4232.35
3260.15
2655.13
3257.84
1871.35
4066.35
2816.57
3040.02
3330.55
2697.9
3303.85
2914.57
3010.91
2830.75
3241.1
2724.65
2812.85
1965.16
3521.51
3554.06
2875.59
2236.71
2232.7
2254.59
2604.33
3630.77
4497.54
2576.61
2822.18
3316.81
3415.72
2637.78
2353.95
3170.42
4056.66
2337.3
4174.01
2691.31
3330.66
4201.03
3131.46
4089.46
3520.33
3490.37
4187.96
2781.03
2399.55
2528.28
4714.12
4031.87
3873.17
3006.53
3983.47
4029.74
2236.39
2873.26
3818.49
4276.1
2892.9
3962.98
2109.64
3208.27
4081.9
2154.63
2591.47
2731.6
3827.06
3419.35
2627.86
2429.53
3790.96
3502.58
4016.44
2074.01
3154.17
3559.64
3099.04
3192.9
2933.85
2830.46
3279.19
2422.97
4771.19
4408.83
2337.82
3768.17
2926.58
2545.24
3569.89
4219.44
2851.92
3303.54
2492.21
3390.29
2849.23
2524.74
4228.39
2773.55
3165.08
3028.08
3405.4
3357.04
2850.2
2613.4
2654.06
4156.18
4364.85
3044.91
2501.77
3263.24
2311.84
3175.13
3349.52
2157.16
2460.53
3717.39
3058.8
2574.62
3792.45
2162.26
3071.56
2332.68
3318.74
2338.85
2774.31
3124.79
2149.28
3475.07
2681.14
3597.19
3716.72
3261.15
2831.32
3253.57
2677.82
2923.05
3142.21
3426.12
2101
3854.53
3897.68
2112.76
3999.21
3180.33
2948.21
3351.49
3562.84
3003.38
2701.05
2422.98
3795.9
2898.84
3049.46
3207.01
2317.78
3286.27
3392.15
2764.87
2679.53
3543.41
2586.73
3224.57
2454.31
2008.66
3402.81
3121.75
2424.27
2810.31
2269.38
2386.72
2405.14
2464.76
2819.81
2673.63
3238.06
2807.61
2402.03
2184.61
4068.48
4265.29
4042.92
3497.27
2894.47
2462.48
2163.78
3003.2
2660.9
3919.67
2531.79
3444.39
3526.87
3074.4
2881.38
3263.28
2005.58
2675.28
3022.48
3005.27
3153.3
3158.23
2336.75
2510.06
3999.88
3013.12
2460.16
2489.83
3658.39
3404.15
3392.91
3273.13
2880.82
3213.09
4178.34
2470.14
3960.62
3143.85
3556.95
3100.48
3755.75
1707.78
3361.87
3537.37
3019.77
4162.14
3190.12
2818.07
3198.58
2889.45
3511.86
2204.83
3159.77
2645.16
2779.18
2478.54
3128.52
2939.33
1785.37
3751.6
2151.05
2584.82
2983.13
2039.51
2464.7
2906.99
2109.15
3233.76
3330.67
3723.4
2371.39
3061.87
3802.35
3035.76
3756.93
3088.24
2300.02
3369.13
2479.27
1715.46
3593.72
2549.06
2661.31
3465.39
2891.34
2670.88
2692.7
4088.07
3406.04
3879.89
2947.43
3115.72
3396.25
3561.63
3801.71
3182.6
2298.63
4849.75
2260.23
2233.75
3037.73
3155.03
3022.09
3606.56
2357.45
4365.36
4203.92
3276.25
3744.97
3119.27
3242.57
3048.53
3664.57
3700.77
2702.9
2103.8
2278.91
2750.5
3389.06
3432.28
2878.73
2069.44
2795.17
3783.1
2658.29
2960.63
2987.42
2774.68
1989.56
2600.6
2540.89
2237.37
3559.35
2824.36
3221.66
2439.35
2374.76
3251.36
2922.01
2704.57
3097.16
2739.54
3026.48
3189.68
3579.64
2912.31
3040.02
3379.11
3002.48
2836.08
3483.49
2280.75
3089.4
2247.92
2827.41
3588.6
3257.28
3834.49
3623.59
3110.6
3238.42
3723.98
3705.63
2576.8
4509.31
2489.53
2493.61
1604.11
3282.43
2237.25
3883.09
1971.8
3330.44
3774.51
2232.1
2662.39
3346.34
2994.39
3062.23
3477.17
3090.29
2774.68
1728.75
3619.18
1979.53
3650.6
2563.97
3575.98
2161.59
3351.76
4200
2428.8
3604.17
3308.88
2991.67
2001.25
1971.64
2958.35
3667.55
3103.96
2472.02
3431.5
2710.81
3487.39
3213.13
2805.76
4059.91
3593.56
1636.89
1735.19
2623.18
3344.99
2564.35
2885.45
2226.49
3034.97
2976.27
2515.42
1453.6
3811.94
2784.51
2561.67
3193.08
2686.82
2944.21
2987.02
3709.32
3098.82
3035.93
2374.9
3204.89
2591
3196.83
3013.29
2590.8
2304.56
3118.12
2515.66
2374.6
2550.77
2894.31
3516.76
3596.42
3858.83
3322.62
3407.65
2220.71
2252.76
2955.12
2517.51
2867.07
3620.62
2457.48
4023.27
2873.85
3562.04
2772.77
2018.72
3179.87
3423.31
4222.91
2602.76
3095.4
2113.96
3183.21
3358.15
3173.15
2361.77
2529.24
3745.3
2965.43
3067.39
3037.98
2934.7
2887.61
2636.15
4000.02
4040.42
2767.83
3279.77
2339.72
2820.37
3283.02
4232.58
3787.23
3140.86
3009.61
2844.48
2821.37
2264.99
2857.81
4127.16
2749.42
3838.21
3182.52
3447.51
3106.05
3455.73
3188.33
2791.05
2647.82
2114.5
2620.28
3097.23
3730.57
3647.83
2025.15
2710.68
3705.17
2122.12
3397.12
2479.51
2650.82
4093.99
3080.86
2793.66
2371.64
2054.68
3136.38
3270.92
2934.73
2656.63
2495.63
3223.53
3187.65
2690.17
2697.8
2881.11
3034.09
2965.82
3539.52
2535.61
3287.37
3394.62
2473.52
2643.49
3235.15
3897.78
3097.16
2792.3
3348.31
2625.42
2863.25
2740.78
3923.87
3089.73
3249.02
1948.34
3533.28
3617.02
2135.83
3110.49
2680.87
3303.6
2664.16
3739.19
3276.79
2397.69
2403.17
3390.83
3759.74
2159.32
3464.15
3356.61
2259.92
1710.13
3440.97
3255.37
3112.54
2648.73
3591.23
3123.3
2315.25
2533.96
3777.42
3042.42
3662.95
1634.79
2566.59
2265.6
3383.94
2248.67
4161.2
3328.17
2215.32
3080.64
2145.05
903.098
2443.49
2177.28
2581.68
5182.91
3141.94
3143.6
2610.69
2742.38
3543.79
3208.98
2891.96
2590.87
3255.62
1867.98
2701.25
3806.89
2539.34
3658.3
3480.59
2137.41
2111.67
2820.55
2634.48
2696.01
3314.14
2686.47
3968.02
2913
2441.43
3465.18
2226.08
3777.78
2544.51
3478.55
3757.07
3483.63
2969.02
2512.98
2355.13
2996.08
2024.11
1557.04
2621.44
2994.24
2883.74
1930.4
3461.82
2498.26
3495.58
3287.78
2829.96
3029.72
3195.52
2226.87
2895.83
2321.6
3192.67
3402.33
3149.46
2735.92
3361.01
2786.06
2559.86
4082.49
3944.15
2730.72
3572.47
2677.49
2854.26
3553
3261.06
2160.73
3718.68
2928.74
2372.82
2832.88
2673.98
3985.77
2901.2
2957.59
2840.93
2247.2
3962.57
1323.7
1663.42
2663.95
2736.61
3093.65
3293.99
3177.68
2541.44
3903.37
2688.74
4002.01
1891.52
3489.38
1812.4
3889.25
2834.73
2595.37
4077.16
1669.01
2958.63
3145.05
3000.73
3269.65
3789.42
3571.97
2627.99
2749.17
4440.11
2389.1
3104.91
3037.39
2184.72
3845.67
3264.11
2548.5
2104.72
2297.18
2767.29
2252.5
3707.74
3168.22
3722.11
2635.19
2402.65
4121.45
2513.03
2262.89
2042.96
1938.9
3465.77
2771.63
2552.48
3309.94
2773.4
3647.17
2915.92
1954.63
3409.69
2953.1
2345.27
3200.05
1995.55
3205.28
4243.25
4098.17
3106.92
4206.96
3333.01
2861.88
3071.98
2950.73
2597.26
3847.03
3358.06
3238.83
3188.94
3791.73
3458.09
3106.19
3330.18
2598.7
3818.73
3078.88
3123.58
3216.88
3638.89
2902.22
2820.92
3491.44
3703.74
3063.58
3209.45
3107.42
3756.2
2701.58
3694.15
3331.38
1964.69
5122.24
2442.67
3888.3
3210.1
3336.54
2724.23
3352.35
4235.52
3124.7
2324.28
3452.74
2247.81
2938
3301.05
3704.33
3307.67
2650.1
3330.11
2522.29
3327.63
4172.96
3909.37
2248.01
3718.63
3320.23
2883.58
3108.07
3047
2252.8
2824.02
2610.94
1914.63
1901.67
4377.57
2498.61
3927.46
2818.74
2584.25
2567.69
2312.04
2907.3
3448.93
2549.43
3162.14
1774.81
3890.97
2533.13
3269.65
3081.11
2811.76
2927.27
2747.34
3167.23
3229.46
2797.25
2780.52
2528.16
3129.82
2854.2
2316.5
2633.54
3186.73
3114.94
2772.05
3106.92
3704.42
2557.47
3313.77
1744.33
2176.88
3069.45
2966.33
2204.35
4068.71
3200.51
4581.05
4046.88
2712.94
3378.92
3915.14
3871.71
3967.9
2799.01
3648.65
2589.13
2808.36
2314.82
2374.96
2531.59
1957.39
3213.07
2356.25
3404.37
3296.07
2744
2694.55
3292.53
4420.71
3227.34
3029.24
3258.41
2068.78
3314.96
2221.86
2895.26
2518.72
2687.79
4187.03
3294.94
2836.07
2838.58
2703.74
2373.85
1911.67
2878.9
2768.09
3414.64
2926.09
2673.75
2040.66
2383.51
2498.78
2678.08
2648.19
2553.97
2474.82
2617.79
4187.42
3938.06
3437.35
2956.36
3979.25
3054.23
4118.98
2992.23
3003.94
2825.2
3329.91
3029.77
2999.88
2197.49
3616.71
2701.5
3444.51
2652.01
2582.06
4041.98
2495.11
3670.78
2913.24
3035.91
3657.71
2068.87
3650.64
1981.71
2621.23
3061.62
2647.08
2951.54
2618.52
3920.61
3091.94
3474.89
3231.75
3513.11
1622.46
3227.34
4158.63
2279.16
2875.34
2941.45
3242.28
3893.06
2651.04
3270.46
2285.76
3818.46
2614.87
2448.29
3130.63
4343.02
3362.04
2506.6
3443.92
3286.53
3578.05
2364.41
2922.71
4366.64
3198.41
2399.15
3081.79
2949.49
3465.04
3560.48
3111.81
3131.06
3054.31
3457.16
2342.26
3683.72
2462
2898.25
2322.39
3492.44
2527.83
3135.97
2715.25
4213.63
3244.68
3688.92
2405.39
3013.13
3383.7
2878.15
2408.48
2878.66
3345.39
2784.41
2513.74
2252.36
3042.49
3024.89
2332.62
2164.05
3695.01
2530.39
3611.15
2534.28
1845.78
2888.75
3157.21
3103.06
2710.39
3341.04
3323.45
2735.9
3800.07
3473.55
3527.14
2958.61
2762.77
2558.59
3634.69
2068.47
2957.97
3106.91
2880.73
3297.68
2444.56
2834.14
2920.2
2325.14
2615.13
2808.42
3787.89
3850.15
3487.28
3685.7
3205.83
2177.65
2797.29
2313.04
3664.66
2729.89
2743.63
3134.07
2503.56
3713.2
2588.63
2791.73
1813.3
3446.25
3884.33
2602.7
1522.17
2346.85
3684.48
2895.85
4021.22
3650.41
3163.34
3220.85
2923.16
3102.01
3729.68
1534.14
2832.68
2277.72
3926.58
2619.84
2441.37
3082.76
2834.59
2841.87
2952.6
2155.32
2691.48
2372.26
2666.74
3291.66
3916.35
2831.8
2848.43
2991.43
3157
2684.61
2960.93
3468.82
3414.88
3506.73
2378.81
3602.83
3145.21
2837.68
2553.55
3295.02
3125.12
4126.75
4238.59
3948.95
3515.53
2861.39
4195.89
3400.77
3195.69
2367.4
3076.94
3286.13
3661.17
3818.9
2657.67
3597.25
3759.61
3226.7
3660.96
3104.25
3116.96
3158.16
3206.71
4044.72
3165.68
1862.97
3139.28
2158.51
3248.32
3267.23
3228.39
2404.01
2631.06
2588.72
2172.57
2342.34
3223.02
3239.17
2844.69
3338.85
3299.16
2587.28
3218.19
4916.54
4680.24
3542.66
2967.86
3299.51
2244.42
3131.38
2484.27
2402.64
3015.21
3110.05
3666.56
3254.64
3001.94
3199.34
2336.31
2701.41
2447.28
3261.47
3764.68
2540.98
2798.67
2769.49
4156.39
3039.87
2407.2
3007.93
2501.32
2740.4
2793.21
3632.35
3880.45
2424.87
3018.17
2614
3726.53
2973.56
3503.53
3467.54
4035.31
2889.82
3053
4101.78
2103.88
2227.19
3412.02
2758.54
2675.88
1689.8
2208.8
3347.52
3357.8
2410.58
3404.17
2276.92
2352.57
2813.41
2454.7
4151.33
4041.27
2650.33
2015.23
3016.21
3356.29
2929.93
3248.22
4154.98
2393.26
3245.54
3896.1
1957.21
2682.81
1498.85
3027.5
2423.04
3053.07
2722.88
2006.9
2398.54
3806.55
2238.72
3326.91
2583.45
3238.5
2747.44
2396.07
2487.46
2298.62
3728.09
3527.06
3057.73
2271.99
2699.76
2246.09
2118.69
3271.3
2243.69
2715.05
2894.58
2305.15
3616.34
2958.11
1793.29
2829.61
4205.85
3170.87
3535.79
3450.69
4193.17
3876.8
2323.47
3375.88
2438.17
3181.1
4065.62
3137.11
3470.57
3685.91
3812.6
3078.5
2982.56
3146.62
2935.95
3703.33
2486.34
3171.48
3527.21
4064.26
3137.78
3197.37
2699.36
2878.55
4270.53
2879.61
3433.93
2911.19
3899.28
2820.33
3228.44
3710.64
3135.7
2448.17
2361.99
3148.74
3125.23
2803.71
2224.59
3769.36
4149.65
2550.58
3083.43
3676.68
2774.66
2125.11
3095.71
3713.42
3121.03
2965.31
3176.72
3035
2934.95
2803.84
4660.51
3297.81
2941.58
2733.4
2913.49
3221.58
3762.94
2414.5
2682.03
3502.71
2781.23
4056.11
2965.17
2749.23
3324.51
3514.74
3054.77
3013.01
2250.59
2996.73
2327.87
3273.42
3471.9
3480.35
2812.95
2691.39
3499.28
2927.29
2401.86
2645.7
2893.01
2738.76
2856.42
2261.6
3064.92
2940.83
2489.36
2786.64
3558.69
3735.34
2871.29
3463.8
2142.52
2227.32
2986.85
3323.71
2465.07
2276.52
1984.53
2557.34
3792.27
3817.82
2983.2
3832.34
4099.92
4401.87
3563.48
3489.21
2627.24
2857.47
3464.37
2916.32
2776.1
3881.8
4119.04
2970.38
3389.27
2738.81
3314.11
2916.56
2799.52
3331.38
3584.81
2191.94
2433.38
2587.82
3836.65
3344.39
2507.52
3010.79
2726.98
3890.3
1882.81
3388.39
2654.28
2427.51
3631.12
3252.91
2420.37
2639.18
3472.74
2382.67
2653.57
3669.65
2531.29
3427.67
3721.16
2729.36
2796.79
3744.9
2620.99
4614.11
3183.29
2672.27
2426.11
2562.64
3329.23
3399.44
3792.76
2764.93
2230.56
3695.33
2893.2
2503.44
2892.18
3105.48
3757.91
4092.8
2827.26
3314.54
2963.47
2835.08
2694.93
3123.82
2903.96
3979.61
2982.07
1788.64
2410.8
3279.93
2692.91
3130.71
3652.45
4419.02
3060.1
2441.9
2293.7
3099.46
4181.61
2978.68
2924.08
2697.67
3538.87
3442.82
3085.14
3537.38
3623.43
3292.37
3608.13
2818.17
2267.83
1799.62
2981.75
2549.12
2934.77
3398.54
2598.04
3621.15
2794.98
3283.24
2364.16
2392.05
2970.08
3653.45
2690.71
3244.98
2908.38
2318.03
2392.99
2700.78
2944.16
2291.24
2728.41
3543.71
2985.31
3299.01
3320.18
3140.25
3769.47
2698.41
3957.51
1987.58
3112.67
3098.72
2199.52
3351.88
4246.72
3391.92
2556.98
3036.94
3041.84
2451.95
3328.64
3690.32
2415.56
2846.31
3017.68
3542.98
3547.11
3317.29
3409.46
2632.53
2397.92
3472.55
2474.91
2508.23
2896.04
2810.26
1455.03
3862.19
3628.05
3494.09
3309.81
2737.66
2695.39
3086.59
3826.65
4174.6
3295.61
2961.58
3233.15
1880.78
2671.26
3205.49
3224.59
4083.41
3513.33
3271.21
3497.26
3540.13
3183.23
2202.97
2952.57
2401.43
3175.08
4092.75
3485.43
3136.92
3129.63
3361.67
3333.9
2498.64
2368.67
2112.43
3136.65
2284.14
1768.21
2927.05
2527.68
2784.2
3825.78
3412.23
2671.49
2228.76
2985.42
3123.51
3911.33
2978.59
3533.08
2979.83
1766.68
3058.94
3202.34
3290.68
2133.48
1888.4
3735.53
3614.4
2113.05
3581.57
3605.91
1953.96
2887.25
2609.1
3203.83
2558.59
3151.86
3055.51
4336.62
3571.62
2994.43
3165.94
3362.96
3206.53
1666.64
2674.03
2606.12
3421.49
2692.15
2928.88
2836
2220.67
3244.91
3168.35
4010.74
1528
2922.83
3743.05
3833.11
3595.25
2786.61
3959.4
2768.07
3888.82
3201.41
3037.79
3993.68
2612.01
2262.14
2905.18
4811.99
2652.95
2956.74
3711.14
4544.67
3035.65
2846.12
2780.96
2402.89
3045.6
3276.21
3574.96
2456.58
3428.21
3365.8
2623.19
2426.21
3201.67
3410.22
5099.71
1870.07
2430.46
2880.47
2327.53
3040.52
3519.18
2151.95
4182.42
2440.93
2323.7
3589.44
2391.5
2687.05
3434.61
4082.71
2136.36
2348.79
2573.15
2313.27
2177.49
3178.86
3967.77
2446.48
2045.27
2937.83
2420.72
2588.34
2927.45
1980.67
3304.73
3550.25
3490.15
3186.46
2715.92
2031.19
2253.3
2365.85
4486.34
4108.2
3362.84
3769.27
3460.68
3410.02
3041.73
3812.85
2382.42
3371.13
3800.45
3186.55
4596.29
2601.95
3229.59
2955.3
2190.9
2689.85
2868.41
2751.7
3298.05
2228.48
3535.88
3294.18
4187.42
3689.29
2499.85
5185.28
3393.12
2810.06
2941.74
3732.8
2624.04
3834.07
3353.51
2707.11
3297.03
2806.38
2923.82
3269.43
2764.14
4225.25
4216.03
3281.46
3526.59
2759.18
3060.7
3524.85
4267.47
2390.95
2061.92
3257.98
3443.73
2051.9
2044.71
3014.69
2108.44
3031.8
3598.06
3995.29
3655.87
2030.81
2530.44
3380.65
2561.91
4310.31
3350.84
2421.46
2388.76
2631.7
3869.57
1814.26
2986.34
2979.62
3035.15
2891.56
2403.05
3651.17
3304.52
2020.28
2761.56
3361.45
2496.14
3001.86
2352.41
2947.41
2462.15
3062.03
3202.4
2219.13
3181.48
2379.02
2941.34
3017.32
3932.61
2680.24
2389.81
2749.41
3287.12
2880.23
3079.02
2585.1
2953.97
2184.9
3349.6
2342.48
3178.12
3541.06
2412.83
2262.8
3605
3132.31
2814.36
3162.85
2178.63
2933.49
2738.54
2782.29
3654.77
3463.21
2436.78
2859.06
4153.96
3275.02
2992.43
2357
2250.76
3602.6
3382.78
2926.13
2246.05
2747.49
3625.77
3252.03
2254.27
4403.35
2907.03
3344.51
3314.67
3402.23
2643.38
3233.2
3466
4196.22
3001.83
2643.23
2253.09
2277.78
3710.24
1848.56
3794.49
2010.68
2752.62
2956.98
2717.55
2859.57
3256.27
4054.08
3570.47
3297.07
2724.78
2537.48
3406.26
2523.63
1482.15
3090.05
2571.52
3714.95
2544.41
4519.97
3637.14
3869.58
2962.09
3587.82
2835
3007.41
3827.26
2996.15
2483.26
3925.56
2138.15
2614.31
2996.59
3348.29
2713.35
1992.62
2370.58
3159.63
2743.5
3895.33
2224.78
2590.39
4274.64
2681.16
2934.7
3265.24
2548.09
3132
2160.36
2557.67
2605.69
2741.28
2771.54
4614.73
2611.4
2872.64
2890.13
2416.21
3367.2
2864.59
3949.43
3814.28
3598.31
3954.94
2442.41
2351.94
3630.6
2733.67
3048.47
3002.45
3150.43
2642.1
3862.22
2953.25
3684.61
3371.96
2725.86
3318.06
3577.69
2802.97
2439.45
2867.02
3011.79
3249.6
3036.14
3360.56
2499.65
2391.22
3252.62
3429.4
2660.73
3222.35
3309.73
3616.63
2862.61
2550.07
2423.86
3255.21
3379.24
2566.62
4353.86
2847.43
2928.4
2916.73
3673.46
3561.72
4934.47
3300.97
3301.94
3020.93
2959.56
2470.59
3899.68
3359.04
2616.77
1847.47
3341.92
2967.67
2940.68
2309.46
2666.59
3106.87
2324.37
2770.12
2450.61
2904.53
3282.17
2920.36
3118.5
2333
2037.97
2647.32
3221.03
2050.17
3031.65
4134.47
1885.35
3571.81
4622.31
3098.1
4176.45
2479.19
3653.41
3263.49
2590
3708.5
3342.93
4116.21
2957.14
3541.5
2337.3
3532.17
2447.91
3097.4
3182.86
2286.68
3062.12
4322.11
2671.02
2560.59
2123.4
3566.75
3516.89
3899.61
2842.6
2871.04
3600.92
3228.03
2426.41
2516.61
3402.26
2258.43
3352.94
2526.09
2432.71
2825.57
3596.37
4096.25
2084.89
2465.73
3299.76
2413.3
2432.84
3215.99
3083.62
2746.78
2617.48
3196.29
2649.55
3511.19
3404.59
3410.38
2774.84
3068.18
3419.15
4357.15
2400
2874.44
2925.01
2874.83
3319.06
1676.27
3097.56
3210.15
3114.25
3236.83
3742
3168.43
3631.9
4755.01
3016.38
1736.77
3434.96
3127.64
3089.01
3032.81
3550.44
2649.02
4041
2591.78
3337.13
3609.98
3829.36
2478.35
2476.41
3426.9
2519.93
3084.57
2001.41
3648.68
3119.96
3192.67
2591.36
2909.2
2657.01
3041.75
2977.6
2934.72
2628.25
3364.46
2424.78
3145.76
2980.05
3364.73
1965.79
2525.61
2712.99
3476.14
2375.34
4421.9
2763.42
2827.69
3046.99
2796.78
1866.59
2507.92
2335.55
2413.73
3504.37
2342.5
2848.1
2979.49
4395.12
2532.25
2940.31
3998.41
3632.8
2924.73
2826.66
1775.43
3656.02
2969.19
2789.92
2927.8
2865.68
2552.33
2453.25
2682.83
2872.71
3046.94
2829.21
3278.87
2516
2567.72
4053.9
2157.41
2564.28
3882.59
3211.69
2230.24
2338.49
2951.36
3609.62
3941.88
1693.49
1942.73
2303.04
2237.32
2500.02
3407.86
3105.9
3194
1117.63
3609.33
2878.08
3234.95
2208.56
2564.2
3697.46
2786.7
3986.97
3020.07
3797.26
2084.81
2352.01
2183.5
3740.86
3598.5
3656.08
4856.65
3303.43
2262.74
2113.17
3485.43
2660.01
3701.64
2698.53
2129.94
1954.52
3561.59
3919.25
4182.9
1790.05
3035.19
3425.79
1740.8
2688.23
3547.23
2379.02
3825.65
3522.69
2946.63
3276.77
3538.36
3229.37
3960.94
2012.68
3435.3
3751.53
3456.9
2931.51
3774.71
2195.58
3727.11
3441.84
2658.35
3528.65
4059.78
2633.54
2734.85
3302.08
3387.21
2536.37
4473.63
2858.04
2977.62
2208.9
3730.21
2906.07
3558.09
3380.27
3253.39
2693.53
2372.98
3760.68
3649.49
2442.27
3205.07
3919.58
2729.92
2328.25
2990.63
2462.05
3086.57
3275.19
2623.09
3727.28
3601.22
3083.36
2588.61
2650.04
3506.94
3307.4
3871.62
3057.39
3276.05
4534.55
3129.22
3959.37
2787.96
2936.93
2538.59
3360.13
3133.46
2498.55
3349.91
2708.22
2658.99
2963.8
3480.16
2566.58
2625.96
3527.7
2607.31
2821.97
2855.95
2650.02
3039.34
3709.04
2286.53
2653.66
3202.5
3251.93
3559.48
3248.37
3429.13
2995.61
2773.93
2635.64
3654.22
2689.56
2703.03
3197.48
2262.35
3590.56
3345.39
2784.1
3709.08
2630.87
3793.08
3004.54
2369.76
3852.64
2681
3705.19
2197.09
2444.2
3312.42
2344.64
2667.18
3531.64
1690.42
2626.72
3471.87
3190.18
3405.8
4144.35
3029.33
2777.37
3030.91
2705.01
3096.5
2608.51
3176.23
3547.89
2879.49
3481.88
3107.69
4064.74
3407.25
3377.81
3465.04
2139.65
2105.93
2658.62
3469.76
3618.49
2867.97
3489.47
3312.61
3931.46
3558.08
2817.31
3009.3
2577.08
2619.3
2884.5
4023.84
3333.55
2469.35
2564.89
2154.6
3111.07
4268.09
3193.61
3170.17
2544.51
2239.25
3448.04
1981.94
2297.36
2605.74
2767.63
3004.27
2907.32
2677.1
2929.62
2035.33
3581.75
3985.21
2323.99
3999.53
3801.62
2755.92
2614.7
3220.84
2690.52
3121.7
1568.11
2947.66
2884.62
3171.48
3234.1
2997.34
3328.7
2177.78
2376.67
3117.64
2653.23
2443.61
2570.98
3769.7
1912.5
3842.58
3632.52
3119.05
4030.75
3375.77
3104.14
2229.22
3810.74
3469.22
4397.34
2869.94
1979.74
3381.2
3014.5
3264.67
2661.91
3295.06
2787.04
3315.95
2981.11
3183.21
2361.51
3030.11
2396.4
3176.41
3387.05
3238.72
2715.36
2775.64
3880.29
3499.89
3175.23
3370.28
3105.1
3602.46
4240.78
2835.55
2929.77
3414.29
2875.36
3707.99
3989.41
3590.68
3355.06
3290.22
3313.6
3034.77
2067.99
2234.67
3219.24
3059.04
1817.66
3193.23
2818.18
2322.89
2682.42
2503.68
2827.51
3154.01
3685.89
3292.58
2143.89
2719.67
2611.55
3390.31
2427.57
2096.92
3756.84
2932.61
2773.23
3993.21
4157.63
2795.22
2538.51
2990.83
2981.75
2777.37
2545.5
2983.76
3220.35
3101.16
2212.55
3685.92
3612.2
3869.91
2719.53
3456.49
3074.97
1482.33
2126.12
2719.34
1907
3329.44
3240.09
4340.48
3208.42
2470.59
2372.18
2577.85
3173.42
2966.65
2625.39
3910.04
2964.68
3272.02
2210.81
4103.36
2579.34
2410.27
2574.15
3042.67
2765.21
3415.45
2142.79
2310.43
3356.72
3156.72
2566.7
2179.75
2243.66
3386.29
3154.3
4193.08
2719.98
2057.61
2199.39
2124.2
4057.05
3207.36
2734.47
3198.71
3208.56
2802.58
3918.42
2592.52
3194.25
2595.44
3077.68
2055.61
4252.39
3830.08
2475.45
1931.85
2846.99
2729.04
2049.16
3284.83
3210.84
3243.23
2617.96
4064.07
3299.25
2664.52
2575.42
2538.53
3756.99
2724.19
3365.38
2323.78
1906.23
2113.3
3231.06
2820.2
2971.62
2962.74
2732.04
3628.73
1997.64
3065.47
4053.66
3015.5
3054.71
3635.64
3451.56
2191.33
2621.46
3922.59
2288.82
3019.76
2699.29
2442.14
2062.82
3156.2
2863.75
2776.26
2926.61
4143.03
2245.76
3341.05
3534.92
2771.95
4483.83
3781.53
4432.31
2708.61
3859.29
2855.01
3574.24
2638.3
2434.11
3191.63
3456.1
3355.17
2923.96
3288.97
2405.47
3170.58
2696.19
2427.53
2787.57
2880.98
3201.73
2284.46
3255.35
4657.94
2859.88
2312.63
3657.82
2595.92
3554.5
2137.93
2171.72
2538.18
3961.35
2467.77
1871.25
1914.79
3497.37
3493.03
2505.81
2865.21
4504.62
2054.43
3739.11
3186.63
3407.67
3532.63
2323.35
2770.94
2996.59
3147.94
2951.13
2696.21
2726.36
2438.37
4062.45
3042.85
2965.62
2849.58
3379.81
3055.92
3069.41
3610.67
3028.23
3133.77
4368.5
3479.38
3298.98
2987.4
2979.6
3111.52
2535.73
3276.04
2069.42
3338.58
3035.92
3292.65
3020.25
2806.71
3267.11
2082.41
2368.99
2876.15
2939.41
3163.36
2258.22
3089.83
3075.83
2890.27
2113.57
3447.18
2877.79
3021.46
2293.67
1893.41
2984.42
3312.69
2987.18
3653.24
2095.47
2764.13
2478.56
2348.51
2436.25
3310.71
3971.97
2750.76
2081.32
3055.51
3869.73
2500.24
3527.28
3068.37
2557.73
3773.16
3727.28
3029.72
3675.71
2572.32
3155.89
3056.77
2083.26
3363.06
2806.24
3584.56
2635.64
2440.4
2621.22
3347.47
2235.56
3413.23
2259.5
2716.87
3477.11
2262.7
3869.35
3958.8
4660.35
2479.57
3205.2
2779.24
3422.69
2638.11
2035.8
2684.1
3131.78
3565.97
3057.86
3137.89
2494.73
3238.99
3631.18
3295.63
2462.14
2280.36
2910.29
3256.82
3113.26
2425.85
2209.77
2729.35
2545.41
3010.68
3590.22
4101.48
2934.32
1833.74
2710.39
3420.81
3548.45
3819.08
1893.74
3505.45
2904.36
2669.9
2167.51
2390.58
1950.54
2407.16
2084.55
4031.67
4259.62
2067.85
3753.09
3382.4
3137.54
2116.14
2449.74
3372.89
3258.59
2677.48
2943.13
2324.02
3606.3
2722.59
3346.95
2411.31
3997.39
1729.69
3035.94
2366.63
3571.5
2959.61
1804.06
2400.91
2897.76
3285.74
2586.56
2377.41
3252.34
2504.85
2766.33
3084.4
3341.29
3336.38
2356.38
3392.55
3059.32
3273.85
3760.01
2834.16
3273
3389.1
3664.76
2748.63
3362.65
2023.82
3209.87
2644.77
2922.56
2512.91
3369.93
3946.43
2326.74
2827.34
3283.96
2950.73
2542.29
3234.87
3514.54
3110.33
2425.39
3850.23
2726.32
3493.87
3649.7
4044.85
3964.46
3020.45
2725.13
2289.23
3762.96
2052.71
3674.04
2253.79
3033.14
3193.11
2837.26
1967.91
2950.13
3521.01
3572.85
3103.8
3699.88
2389.04
4218.54
2939.35
3616.36
3631.5
2753.66
3051.19
2952.5
3871.44
2430.37
2588.65
2571.28
3228.13
1418.6
3053.81
2771.67
2385
3125.27
2488.93
2474.25
2482.69
2295.54
2268.97
3221.46
3596.42
3307
1509.79
4377.26
3582.46
3010.98
2587.06
2541.17
3158.65
3026.39
3422.04
2079.15
2051.79
2836.35
2266.82
3258.21
2861.8
2464.62
2766.55
3673.46
2928.5
2538.01
3227.51
3007.3
2384.48
3782.77
3136.04
4261.75
3103.34
3792.62
2833.96
4199.47
3130.39
2777.94
2824.68
3616.93
3782.65
2850.92
3201.06
2005.71
2011.53
3224.62
3520.21
2881.64
2834.53
3011.81
4143.47
1994.87
2494.02
3673.64
3018.36
4509.57
2043.41
2353.01
3096.71
3218.1
2001.05
2874.98
2807.13
2158.89
2647.42
2708.66
3556.94
1998.81
2949.52
2514.11
3452.5
3069.75
3512.09
3064.36
3183.14
3115.08
3256.58
3070.87
2580.71
2638.32
3149
3210.37
3791.83
2943.32
2839.95
2894.08
3218.3
3727.8
3535.29
3965
2635.17
3280.6
2437.63
4221.28
2079.78
3289.57
2365.83
2019.59
2964.54
3263.24
2342.96
3306.67
2553.16
3047.03
2485.39
3364.08
2354.44
3182.04
4124.41
3795.06
3040.09
3132.14
2895.96
2776.45
4238.91
3706.35
2710.2
2432.02
4201.21
2986.24
3330.88
3152.02
3127.73
3674.32
3450.9
2032.64
2562.18
2745.28
2373.67
3599.45
2392.01
3416.59
2481.98
2503.92
3333.92
2319.7
3532.45
2530.59
2908.16
2286.33
2549.69
4156.1
2655.24
3662.2
2487.92
3318.05
2796.44
4174.81
2282.62
3454
3679.7
2868.28
2689.78
3400.82
3197.42
2721.61
3755.57
3253.77
2395.63
3014.51
3514.82
2907.79
3022
3413.45
2668.14
2879.6
3399.92
2866.52
3245.71
3549.08
2338.76
2367.7
2795.67
3704.73
2622.68
5340.62
3025.64
3020.24
2963.25
2574.03
3084.24
2819.08
3809.57
2845.46
2614.03
3331.99
2647.84
2352.33
3067.78
2426.06
2655.68
3286.73
2852.88
3167.63
3307.02
2997.92
3023.83
2002.45
2853.63
2615.87
2987.74
2813.67
3089.17
3618.74
3239.02
2898.46
2837.48
2965.13
2889.06
2485.34
1863.22
3589.15
4554.29
2958.57
3553.9
3349.21
2910.5
3200.44
2807.62
3655.99
2415.16
4408.43
3302.89
3796.93
2855.1
3629.12
3731.27
3490.14
3335.85
2737.2
2648.8
3611.12
2932.21
3028
2391.87
3031.62
2533.96
3495.43
2381.07
2400.04
3165.82
2419.15
3638.22
2860.94
2756.87
2923.61
3813.4
3008.41
2827.97
2181.31
2557.53
3041.04
2430.3
2340.96
2958.16
3661.84
4039.62
3068.82
2759.87
5383.51
3498.36
3090.59
2962.82
2790.84
2067.64
3403.6
3640.93
3112.2
2744.99
3145.84
4341.39
3269.06
3045.02
4099.27
2368.13
3902.53
2262.18
1990.01
3139.94
3041.97
3915.65
3845.76
3083.64
3803.65
2595.16
3369.91
2890.92
2268.01
2367.18
1679.46
2772.34
3145.92
3010.81
2790.3
3510.17
2397.22
2889.31
3471.66
3704.55
2931.81
3716.12
3098.37
2548.84
2920.47
3103.99
1929.38
2638.52
2857.98
2296.97
2799.52
2357.4
2902.74
2470.54
2729.26
2904.95
2514.24
2629.51
3109.79
3577.03
2646.26
3984.99
2397.04
3706.14
2906.53
3181.86
3038.72
3028.36
2203.63
1995.95
3637.76
2353.86
2805.06
3568.58
3866.19
3228.04
2867.48
2158.95
1789.3
2352.73
2934.45
1954.19
2469.29
2723.48
3060.4
3147.11
3602.64
2948.96
2725.06
3055.24
2885.9
3314.43
3243.69
3381.68
2919.35
3671.19
2196.25
2740.55
2179.1
1984.71
3633.57
3606.09
1796.32
2710.55
2745.28
2390.46
3353.82
2726.97
3302.26
3790.2
2790.69
3166.97
3283.49
2026.58
1952.35
3289.73
3776.79
1921.67
3010.69
2061.02
2614.85
2684.11
2459.26
3985.76
2956.89
3213.83
4029.93
2860.72
3740.58
3625.95
3607.96
3317.71
3344.81
2857.34
3488.26
2182.51
2350.43
2619.28
3159.43
2909.03
3373.32
2747.52
3490.47
3491.34
3696.53
2914.05
3330.46
3513.8
2506.82
2036.49
2769.41
3497.41
2343.28
3212.75
1923.58
4365.19
3043.69
4046.48
2170.98
2744.77
2768.91
3475.7
2283.74
2286.98
3384.56
2123.25
3995.47
2995.17
4348.07
2679.9
3132.93
3407.75
2564.33
2928.82
3556.39
4672.33
2605.75
2498.52
3428.67
2418.8
3799.86
2538.48
2004.33
2400.99
2053.94
3851.61
1530.17
3293.06
3649.89
2705.31
2912.29
3328.44
2118.64
2127.05
3617.09
3217.11
1991.44
3088.81
2863.3
2960.66
2842.66
2638.01
2120.99
2372.89
1906.56
3060.3
2962.66
2044.53
2573.57
3245.41
1927.23
3310.87
2461.46
2026.54
3309.11
4330.87
3619.28
2831.06
3186.23
2337.8
3139.31
3905.88
2742.9
2214.14
3200.86
3262.49
2499.06
3635.35
3918.64
3589.34
2429.36
3824.13
3008.82
2632.47
3383.91
4272.55
1485.39
3380.41
3673.9
2656.96
2730.56
3147.59
3262.26
2466.57
2666.59
2928.54
1945.86
3126.04
2958.47
3160.85
3628.61
3029.42
3437.82
2418.74
3450.33
2912.99
2568.92
2816.66
2554.02
1337.38
3961.37
3817.43
3270.04
2535.27
3313.43
2738.56
3334.34
2354.62
3103.05
3268.93
3797.2
2208.11
2587.89
3581.54
1862.08
2975.87
2547.99
3555.73
3038.29
3576.97
3057.09
2628.96
3161.81
3165.06
3190.41
2733.33
4249.29
4174.97
3598
2586.56
3599.73
2397.28
3786.83
3717.03
2916.13
2842.82
2117.66
2818.2
4661.78
2479.77
3903.15
4186.91
3230.47
2260.95
2039.62
3842.67
2706.53
2798.55
3796.41
3127.21
3447.85
2862.48
3027.21
2691.09
2148.33
3061.94
2764.81
2840.55
3803.79
4096.81
3044.43
2650.27
2148.08
2908.49
3426.16
3142.41
3577.87
4366.37
2508.09
4305.1
2257.8
3067.89
2596.21
3709.56
2903.32
2834.35
3045.63
2536.99
3163.91
3248.46
3136.43
2771.31
3316.02
2915.13
3280.97
3155.78
2785.14
2991.22
3452.71
3627.85
2651.88
3326.66
2660.47
2978.43
2616.65
2224.25
2552.18
3060.69
2354.15
2666.59
3699.85
2909.28
3096.05
3628.31
2251.34
3069.2
3004.56
2566.19
3418.08
2793.67
3027.74
2340.55
4247.77
2926.04
3065.76
2138.27
2381.52
3936.61
3481.19
2944.44
2948.36
2869.46
2436.09
3971.23
2197.81
3816.12
2347.7
3147.64
4089.39
3912.04
3415.97
3766.04
3825.11
3275.62
3912.47
2461.31
3357.61
3096.38
2144.94
2369.45
2726.22
2658.47
2934.82
3165.61
2899.45
3461.15
3341.66
2716.16
3174.23
2495.86
4096.31
3034.13
2136.46
2482.69
2235.31
2933.27
3249.25
3631.63
2990.12
3387.94
3405.34
2975.15
2841.22
2599.39
2979.22
3325.65
3187.96
3172.02
2034.2
2401.39
3234.76
3609.25
2515.33
3146.12
3286.04
2973.76
2916
2965.13
3947.8
2685.65
2949.11
3834.09
2209.96
3702.33
3297.42
2905.21
3807.93
2459.18
3551.85
3683.68
2798.95
2771.51
4376.32
2260.78
2877.35
3125.26
1891.29
2398.18
2590.82
3308
2180.47
3006.01
2285.35
2625.21
3111.88
2883.25
2763.11
3865.25
2868.81
2289.5
3515.48
2986.44
2877.57
3888.34
3324.36
3716.57
1150.48
1926.7
3491.12
3661.88
3489.05
2889.22
2828.95
3586.7
4582
2350.64
3551.61
2272.21
3029.2
2810.8
2204.99
2261.84
2925.38
2089.32
3453.74
3305.33
3079.4
2888.69
2563.32
4080.34
2443.86
2860.87
3092.91
2930.39
3271.67
3611.25
2940.9
2848.44
2589.72
2238.14
3124.38
3400.6
2683.25
2772.58
3791.52
3236.37
3080.95
4707.6
3775.66
2808.79
3048.58
3056.62
3447.87
4220.3
2496.85
3191.78
2065.66
3259.49
3102.4
2738.87
3049.83
3146.21
3193.18
2728.45
3324.38
2126.06
2289.34
2185.62
2783.03
3344.54
2113.14
3220.62
3320.35
3674.57
3444.42
3127.31
2677.02
3457.94
3126.81
3317.02
3255.51
3920.09
2809.02
3105.71
2896.6
2965.16
2248.3
2231.28
2725.15
3415.14
3227.8
3197.16
3964.71
2565.89
3975.05
2869.43
3866.67
4445.15
3414.31
3476.21
3840.82
3118.52
2178.88
2353.71
2453.71
3476.08
2566.92
2502.45
3062.48
2547.48
3315.61
2124.66
3387.26
2999.03
2357.43
2803.11
3505.47
2400.04
2309.4
4316.58
2065.39
2970.73
2880.74
2065.29
2709.63
2966.25
3681.91
3413.56
3370.02
4024
2530.86
2556.5
3042.64
3380.18
2766.75
2391.77
3016.11
3123.47
2920.94
2962.47
3084.61
2669.66
3155.8
2296.08
2903.68
2960.06
2154.07
3332.21
2950.9
2341.68
2105.57
3539.18
3222.68
3125.62
2346.86
2899.73
3045.81
3156.5
2047.43
2449.28
3147.8
3319.76
3652.83
2790.7
3024.63
2782.17
3122.98
1943.39
4416.88
2645.02
2589.4
2144.5
2895.25
3557.38
2541.43
3128.69
2901.96
3002.45
2461.94
3562.32
3309.15
3071.4
3212.68
2576.3
3543.82
2296.98
2657.76
2535.42
3259.77
1785.9
2502.87
3555.5
3948.33
2616.63
2357.9
2390.8
3970.36
2492.87
3951.24
3709.32
2843.22
3132.33
2229.17
2334.9
2721.57
3703.52
2894.4
2935.68
2930.07
2801.35
2826.18
3170.64
3002.57
2791.76
3021.18
3883.99
3570.72
3590.78
3375.98
2911.73
3587.67
3036.89
3809.28
3148.4
2660.81
2988.62
3016.72
2993.32
2441.62
3042.91
3257.74
2751.89
2725.98
2656.89
2630.56
2995.5
2078.87
3365.02
3804.85
3338.13
3324.53
3548.19
3314.58
2729.06
2159.09
3627.64
2575.7
2669.05
4570.76
4006.34
3349.5
2924.53
3751.49
4030.71
3770.31
2910.43
3643.24
3683.59
2313.12
2554.61
2893.36
3799.17
3173.89
4218.95
2555.47
2582.49
2186.66
2480.26
3518.79
2744.64
4274.46
3996.79
2787.26
3791.28
3293.99
2684.61
3489.9
2104.12
2747.46
3542.34
3246.99
2755.38
2461.17
2768.88
4096.2
3347.5
2834.41
3697.51
2701.48
2241.54
2781.18
3125.29
3178.24
2810.24
2822.87
3811.52
2662.95
3438.12
3613.39
2096.2
4207.07
3544.57
2375.02
2791.46
2365.44
3334.98
2393.3
2570.69
2405.73
2317.7
3138.75
4707.5
2752.5
3465.97
3799.28
3043.56
3452.71
3176.39
3406.76
2815.03
2726.03
3334.83
2853.53
3186.33
3020.31
3081.45
2805
2624.72
2898.28
2476.62
3557.29
4099.08
3095.59
2669.25
3224.72
1758.8
3928.93
3509.07
3245.33
2869.79
1899.35
2235
2917.04
4320.88
2408.25
4028.56
3434.08
2808.43
3585.45
2803.23
2911.94
2052.18
2505.43
3877.26
3056.47
4052.22
3461.46
4033.02
3655.81
2503.57
3059.54
2696.33
3091.48
2406.83
2815.04
2682.63
4089.54
4155.56
2228.01
3079.05
3180.85
2838.17
3174.14
4070.6
3738.92
2371.61
3239.49
3003.55
2680.48
3819.3
3050.61
2414.63
4261.24
3356.72
3122.52
2601.35
3782.27
2148.64
4457.41
3504.74
2711.82
2787.6
1618.09
2750.93
3320.72
3307.43
2701.33
2471.86
2734.13
2656.88
3320.24
3667.62
2657.47
3890.08
2425.67
3319.94
1901.07
2828.37
2899.55
2516.28
3163.34
3793.48
2378.71
3797.4
2046.77
2717.74
2991.65
3782.31
2564.19
4431.75
3064.73
2621.64
3068.01
2460.8
2505.97
3319.65
3350.1
4092.48
2929.63
3404.34
2963.08
4501.11
4279.49
3118.35
3389.81
2884.12
2534.31
3196.27
3109.35
2177.46
3184.4
2724.87
2759.16
4159.96
1867.58
2412.24
2669.12
3956.07
4424.13
2655.61
2886.82
4013.29
3103.2
2796.74
2085.06
3570.41
2835.11
3557.36
2522.13
3314.91
2936.6
2829.67
3020.68
3781.29
3062.59
2486.13
4433.66
2959.78
2484.06
3129.43
3246.94
2060.52
4033.23
2217.77
3133.21
4270.88
3177.22
1792.9
2458.5
3551.18
2637.19
3110.06
2635.15
2525.84
3750.63
1567.44
3484.2
2238.56
3143.02
2995.4
3471.03
3163.26
2307.11
3675.49
3327.87
4345.34
3282.63
2670.25
2284.32
4023.81
2566.76
2504.32
3119.29
3431.13
2385.42
3555.46
2823.59
2840.47
2709.62
3256.92
3079.1
2660.91
4158.83
4560.66
2966.16
3319.56
2594.04
3822.37
1856.11
2600.06
2806.15
2423
2679.97
2504.57
2287.94
1365.18
3284.03
3256.11
3569.28
3434.72
3439.66
3480.27
3117.48
2796.53
2349.93
3102.16
1830.27
3045.77
3186.52
3960.56
3960.04
3242.43
3895.36
2599.12
2577.08
2642.66
3622.89
1599.52
3849.34
2672.18
2409.46
2338.84
2942.18
2976.21
4394.58
1915.1
2094.02
3208.25
1952.59
2700.82
3418.26
2611.46
3164.24
2898.56
2312.34
4143.2
2540.71
3480.81
3158.51
3107.65
2720.75
3779.74
2774.62
2263.73
4469.16
3576.05
2161.01
3397.36
4070.94
3302.7
3037.19
3953.16
2705.1
3267.56
2717.58
3424.23
3220.88
3642.43
2654.89
2947.19
3941.71
1954.32
2369.35
2081.57
3677.4
2533.29
2639.86
2882.73
2464.7
2712.04
3714.07
3814.79
3775.34
2738.59
2945.24
3566.24
2572.9
3215.65
3079.31
3414.79
3372.15
3030.96
2556.78
2281.92
2025.65
3079.43
2608.79
3627.07
2081.39
3359.51
2580.68
3150.44
4071.84
2660
3160.03
3836.01
3450.51
2338.16
3461.93
2842.38
3168.92
3459.14
2603.03
4983.71
3976.09
2396.62
4223
1812.03
3531.16
2851.38
2524.61
3150.17
3556.7
2921.74
3397.74
2449.75
3010.97
2328.17
2382.17
3401.96
2725.91
2715.06
3590.72
2570.17
2398.94
3606.92
2103.05
2813.92
3454.06
4127.71
2296.47
2572.61
2698.05
2476.13
3237.42
3397.13
3105.66
2950.23
3052.23
1920.73
3289.88
2906.47
3361.79
2234.95
2467.9
3745.89
3178.34
2017.03
3042.33
2358.09
3071.47
2643.72
3033.88
4747.1
3085.46
2436.37
2681.84
2682.27
2195.95
3635.08
2202.6
2722.46
4093.73
2750.58
3963.98
1874.91
2999.55
3628.59
2388.46
3219.55
3888.76
2070.31
3414.24
2649.4
3480.48
2278.86
3471.69
2411.69
1521.31
2105.08
1697.03
2279.41
2882.91
3354.13
2945.64
3629.88
2898.43
4336.24
2475.83
3018.07
4484.34
3702.08
2520.63
2767.48
2871.83
2679.91
3409.36
3019.26
3454.24
3102.4
3347.26
3516.7
2027
2858.79
3005.73
2497.87
3180.96
3171.72
4213.74
3202.42
3537.6
2708.7
3059.63
2541.14
3649.93
2345.15
2811.01
3702.17
2160.73
3880.33
3611.38
2808.22
3155.58
2874.43
2462.15
3133.93
1976.23
3017.35
3237.39
2602.97
2310.97
2646.17
3417.85
2278.24
4056.11
2671.98
2455.8
2671.6
3720.41
1929.38
3526.2
2219.89
3322.78
3437.5
2902.57
3499.26
3515.57
3251.48
3347.59
3724.72
2292.31
3118.15
3302.22
2956.26
2788.47
2736.15
1846.97
3154.48
2701.95
3480.9
2258.02
2784.63
2423.45
2570.51
3457.76
3192.09
3881.42
3156.76
2953.64
2396.44
3583.7
2805.5
3827.38
2700.27
2275.53
2864.91
3235.71
2803.45
3372.19
3367.12
2927.76
3325.2
2578.77
2326.57
2762.01
2127.18
3140.77
4472.53
4054.01
2659.86
2263.4
2048.4
2735.1
2702.96
3260.94
3443.68
2133.53
2595.53
4316.43
2707.95
3245.23
2082.12
3035.39
3365.9
3440.9
3203.5
2999.88
2901.86
2574.42
3526.64
4123.43
3235.9
2533.69
3595.16
2737.49
2136.45
2215.67
2040.2
3158.02
3440.45
3950.65
1622.68
2245.73
2044.7
3378.63
3694.49
2036.62
1670.78
3801.66
2826.36
4293.1
2236.27
2563.03
3337.62
3247.71
2660.34
2299.43
2470.48
2673.18
2821.14
2046.91
2867.75
3295.6
2741
3608.23
3177.89
2504.41
2601.92
2978.48
3197.58
3088
2758.14
3044.81
3536.8
3109.05
2933.69
4089.26
2427.73
2198.27
3264.91
1753.1
2248.29
3522.49
2535.05
2362.84
3470.82
2954.99
3635.47
3431.62
2399.5
2871.47
3112.11
3257.6
2373.31
3196.47
3280.13
3659.78
3440.51
2898.94
2121.53
2506.46
3861.71
2550.82
2550.68
2452.03
3317.05
3414.96
2672.21
3200.53
3026.86
3365.96
3901.66
3504.56
2849.37
3956.89
2349.56
2397.96
2689.8
2652.37
3513.97
2315.44
3075.05
1280.27
3166.11
3196.81
3646.29
3316.34
2520.09
3446.35
2526.54
3213.13
3589.6
4159.17
2099.29
2793.05
3222.69
3156.83
2320.57
2882.35
3856.61
2977.06
3689.28
4150.15
3699.44
2949.36
2584.88
3441.56
3982.18
3312.22
3018.77
3578.21
2011.86
2713.23
2883.94
3340.82
2862.95
3157.36
3889.81
2475.04
2536.62
2387.14
3099.91
3311.4
2164.32
3500.23
3469.39
3152.98
2654.18
4059.17
2804.36
4397.62
3238.93
2899.45
2599.61
3210.8
2693.12
2834.74
3308.44
2487.62
2654.16
3015.02
3599.07
3276.73
2511.92
2416.22
3585.19
3572.78
3763.89
2867.62
3175.04
2799.99
2973.95
2467.89
2498.57
2814.67
2859.08
2115.24
3111.28
3302.86
2960.58
1860.97
2824.71
2704.05
2650.5
3332.16
3053.21
2375.52
2351.75
2050.59
2412.87
2000.19
3231.91
2766.6
3489.17
3133.81
2996.2
2710.96
2549.39
2779.16
1914.09
4198.75
4265.06
2686.72
2580.2
3021.08
2947.2
2430.06
3316.49
3209.06
2818.91
4260.72
4524.74
2568.06
3207.74
3130.74
3072.24
2641.79
2416.92
3178.14
3147.73
2839.66
2518.06
3642.34
2410.83
3211.66
3198.58
2123.6
3065.34
1549.79
3783.78
2417.66
2880.73
2960.42
3167.25
3462.54
2858.48
3347.52
2307.68
2783.2
2876.04
2190.6
2732.52
3436.73
2201.31
2402.16
3409.09
3042.2
2822.84
3004.08
2325.41
4408.6
3759.7
3947.02
2599.56
3135.86
3234.96
2982.8
3228.49
2241.02
3167.49
3752.13
3714.92
2853.12
3287.97
2558.12
2235.68
3268.73
2320.83
3459.31
2819.22
3593.38
2900.62
2288.66
2988.79
2444.07
3349.05
2740.51
2228.53
3267.4
3174.18
2410.51
1571.13
4151.06
3311.04
3972.18
3314.46
2575.87
4849.23
2909.19
2982.39
2677.23
2375.4
2190.38
1985.9
4177.78
2429.34
2994.17
2573.81
3713.82
1905.07
4084.89
3682.66
2889.91
2618.9
1614.53
2016.34
3384.37
3662.23
4388.31
3560.35
2789.29
3109.58
3134.5
2415.06
2714.35
2467.21
3621.94
3595.94
2787.57
4009.47
2582.54
2925.62
2383.72
3155.67
3556.9
2138.04
2322.09
2771.52
2684.27
3088.36
3292.79
2334.95
1949.54
2705.93
3670.63
2525.93
4343.69
3812.09
4202.34
3267.22
3210.28
3076.04
3354.99
2848.16
4106.97
3088.52
3079.68
1403.69
3196.36
3656.08
3377.73
3173.18
3265.69
2928.38
3249.91
2774.66
2956.44
3749.15
3226.61
2823.98
2602.41
3613.87
2828.04
2856.7
3321.99
3269.98
3579.45
2932.83
3336.26
1567.98
3216.49
2835.78
2429.41
3092.86
2233.02
3042.03
2508.94
3465.81
3660.08
4076.13
2082.22
3358.44
2696.96
3174.25
2390.56
2435.83
3225.19
2620.78
3329.93
2778.61
2911.37
2737.62
3238.06
2597.17
1860.83
2581.11
3913.6
3412.94
2978.09
2702.34
3283.73
4552.8
1578.24
2628.62
2232.86
3300.88
3333.49
2481.35
2417.14
2826.21
2221.83
2743.2
3057.29
2346.95
3038.99
3097.21
3803.33
2643.86
2975.65
3626.31
3410.84
1806.08
3758.93
3201.05
2932.19
2109.98
3122.63
2456.32
3498.71
3421.61
3761.9
2955.68
2694.34
2786.04
3424.96
