


































































































































































































































































































































































































































































































































































































































































































































































































































































































































































































































































































































































































































































































































































































































































































































































































































































































































































































































































































































































































































































































































































































































































































































































































































































































































































































































































































































































































































































































































































































































































































































































































































































































































































































































































































































































































































































































































































































































































































































































































































































































































































































































































48.8503
56.7618
66.6906
47.5131
30.9552
50.9075
36.8907
51.4462
36.3043
52.4681
41.7995
35.0564
41.0559
60.6427
39.2833
37.6095
39.9757
39.6842
36.3414
52.0814
49.431
54.4967
59.4288
39.6661
34.6933
45.8966
45.0302
59.5114
48.9863
42.3201
63.2414
53.8466
42.5156
45.7515
49.6286
43.8555
30.0331
40.9482
49.5135
55.8306
49.7135
41.6867
48.5339
48.7092
52.2899
46.9588
39.1135
36.5463
44.6071
59.1315
52.5652
43.8973
62.3257
39.4664
50.6873
43.0387
45.0371
43.6309
35.2276
30.2186
53.6762
56.3424
42.9992
40.6216
58.1483
52.2751
47.8048
41.866
27.0706
45.2628
46.437
46.4535
46.5591
48.092
33.3626
49.7616
35.0957
50.4342
43.3373
55.0448
41.058
51.3885
39.6938
51.86
47.9333
40.9689
52.4083
37.4264
46.3322
41.7253
35.2904
45.4161
38.5515
48.4891
35.7439
37.1968
30.2226
40.0946
33.974
41.4174
47.9908
53.3992
57.5074
38.1618
43.0502
48.1126
29.5486
46.2077
39.9003
38.3517
34.4505
43.4423
48.8908
31.9305
36.927
55.8971
44.9619
34.5929
37.5974
49.1936
45.3129
53.9033
46.4489
37.6756
46.8951
54.9209
55.1578
40.3068
39.1487
37.811
25.965
42.0343
53.0632
43.4529
41.2961
34.2133
49.1759
51.7212
33.3046
48.0887
38.6208
39.6969
37.8868
40.4177
47.3549
38.7451
39.7965
55.5805
23.685
46.092
67.7992
58.9746
39.006
38.3583
41.1493
49.5662
53.5646
45.4361
35.8305
57.0428
47.6902
34.7306
41.5952
38.5817
54.7261
48.0527
36.386
44.2414
42.2039
46.7107
51.4519
36.2908
41.7935
52.9691
46.5125
47.5521
40.6059
45.5396
40.6833
41.1061
58.9921
59.309
47.4069
57.9309
41.1923
49.5456
43.5747
29.8993
36.4491
49.3483
38.6479
43.6014
46.4331
37.3647
36.8827
49.44
42.2534
44.4406
43.924
51.8954
49.4525
63.4634
38.9956
53.8466
44.9813
55.3002
37.6665
51.024
52.7921
41.9061
50.2188
41.4265
40.8929
37.4798
35.7633
43.0022
39.9211
46.9465
42.907
47.7471
51.6661
40.8568
52.8346
47.0191
55.2981
40.8064
41.4448
49.415
41.502
39.9761
48.7977
50.5855
51.408
41.4349
31.5721
51.6331
55.7944
58.943
42.7336
51.8827
47.2145
57.6708
46.467
44.9858
39.2729
47.2125
37.1236
47.4675
47.354
45.3865
40.6015
55.7497
42.867
42.9742
46.0916
39.2086
50.7264
48.9625
58.3833
39.8919
39.3573
58.1469
47.003
36.3362
40.6262
33.8197
38.07
50.0273
55.0085
44.6797
35.0376
39.1055
40.327
37.7873
45.2141
47.8863
42.932
41.5792
42.0367
47.0031
53.0411
40.407
52.0422
28.0083
48.1482
27.6993
50.3752
60.3591
44.6651
52.9633
58.3567
44.341
46.2502
48.13
43.6826
48.4677
67.7604
43.7255
49.909
35.8023
56.4189
30.5482
51.5924
36.6023
39.7062
59.7346
44.2129
46.4837
44.8369
41.5691
51.3909
42.6198
44.8543
52.0484
50.7762
36.8023
42.6838
46.0489
47.2696
43.8879
45.6596
63.8146
42.5767
53.0561
43.3405
45.8374
54.4442
43.2359
43.0291
43.0143
44.4425
37.2116
56.1959
42.8876
39.851
45.1348
35.6863
31.08
50.2237
37.5058
54.4781
43.2474
46.6963
48.3711
54.685
40.7961
31.9419
40.7243
47.6355
44.6625
55.248
43.8455
44.2237
44.9462
34.3881
41.661
43.3579
42.0751
39.8293
40.3634
41.4914
52.2845
43.2873
48.7385
46.1356
42.7817
41.7779
49.708
41.8384
45.9751
42.7076
44.1689
32.6491
58.7851
64.1874
46.2466
43.5882
40.2389
44.131
53.9647
42.0949
48.816
42.608
38.2641
33.6085
50.3157
49.797
56.6424
43.4267
44.5357
47.7533
45.0525
49.8142
30.6921
39.4162
40.1518
38.369
61.9855
51.1363
43.2678
56.2696
45.1621
50.8335
37.4605
46.3816
62.3596
37.1291
55.0661
48.2878
38.9528
41.7317
48.4659
39.6536
46.9915
41.9431
53.9446
39.7341
41.0133
39.6827
44.1528
54.5152
53.451
47.0764
56.7893
45.9022
38.2355
53.4864
33.4435
35.8755
38.488
58.9732
39.2639
40.9667
49.2889
39.0466
42.4017
62.3277
38.8477
59.5394
48.2931
43.5121
38.6124
26.6735
40.0052
31.6268
35.7049
44.5182
27.9646
52.5741
57.2565
39.3585
48.9535
41.8224
47.5856
39.3314
53.8903
48.6296
36.3527
47.3606
53.5324
53.1327
52.9176
33.7872
43.1738
52.1468
28.6868
56.6511
42.6425
40.3126
39.4186
37.4365
39.2253
53.209
49.3504
41.7611
47.6451
47.0896
44.6335
29.2144
42.6755
39.5825
41.1583
36.2391
41.84
55.5124
51.4741
37.7205
43.873
37.8687
55.931
49.7455
40.6566
50.3432
41.4312
35.9292
42.378
27.0793
38.6952
42.1018
50.8661
26.9316
41.1884
63.2273
54.7453
38.1375
35.2867
39.3306
42.199
39.5438
47.9136
63.4667
46.093
47.3446
44.1337
53.0875
39.7964
46.415
56.9884
46.5424
41.5472
40.665
52.4708
54.5224
47.0306
38.1778
38.5319
42.1717
29.8724
49.569
36.4962
43.7346
45.4293
63.8273
58.605
45.9253
43.3285
43.4212
44.6624
54.9824
32.5654
51.7289
40.0628
35.6397
45.4325
59.0135
52.5159
48.3143
33.9695
45.1732
49.6239
62.6134
44.2619
41.2475
53.179
43.9963
41.5466
55.5668
50.8597
34.3989
41.3852
33.6168
47.2449
33.4405
44.6145
38.6058
51.6804
42.4325
37.6891
26.6155
43.9848
41.1347
44.0669
47.3161
45.1667
45.4692
42.9016
43.0582
44.6103
49.8611
47.7789
46.4149
30.7642
35.4224
41.6293
38.6966
45.0473
55.1706
42.6691
44.9906
48.4724
36.3303
56.2155
56.2109
34.6146
47.3837
51.8768
35.1641
38.9922
44.0257
48.8571
38.966
58.0209
42.6069
45.8855
40.1385
50.1776
40.9847
39.4237
45.5391
54.7449
34.2247
52.9811
42.0357
50.9589
54.2615
50.7354
41.9236
42.3622
37.3691
38.9005
45.6751
36.7773
50.3801
43.8759
52.8825
52.8361
58.1999
37.3881
34.8459
51.4038
56.3858
49.8728
48.3092
49.1646
40.7656
47.5472
45.4324
46.8653
44.2822
49.0807
65.6645
48.6217
51.4637
45.0183
43.5948
47.2828
43.8347
45.1174
41.2944
58.661
42.8692
44.89
53.2878
39.7355
43.0219
43.5059
56.041
50.9552
36.8632
46.2446
42.0226
35.844
42.6817
40.5493
38.2736
45.2994
32.8872
41.2973
48.5758
54.3548
44.4488
61.0576
55.1367
42.1799
47.5097
49.7951
57.3305
40.6808
35.1294
48.5671
38.572
51.2766
34.5758
37.5875
47.4024
55.7582
31.5805
54.6428
55.9328
37.6737
43.7384
43.1842
33.8992
44.3869
56.4783
39.8147
51.1139
57.7368
38.7438
50.7602
35.932
53.4196
42.9653
57.6896
49.1096
33.9132
51.2706
49.3782
43.9986
46.6609
53.5569
45.2796
51.6054
37.105
40.8987
47.0377
47.1382
42.8051
50.2751
50.4524
30.8777
41.9879
37.1548
44.636
42.4414
58.039
38.8937
54.8329
46.3325
59.5005
28.3233
54.4846
37.3
51.2852
59.1066
58.7467
36.3348
32.3079
36.1862
32.7994
36.9201
40.1683
53.5191
51.4513
46.1963
50.7509
56.5579
60.9763
41.1481
25.0353
35.512
48.7887
53.4903
51.7621
32.5498
40.0947
46.3085
46.3753
37.4523
48.5509
31.5748
41.4811
42.4766
52.2753
52.238
51.6886
64.1314
31.996
46.8773
47.5105
42.8742
34.2519
43.0701
45.9276
47.2228
43.8387
47.5904
55.6085
39.2447
47.9074
63.6504
32.8735
49.5416
33.9974
48.8147
40.7343
50.9881
37.4812
55.7165
66.6901
45.2734
36.6188
47.0006
36.6283
41.0662
54.2137
44.9545
56.5234
53.2326
37.3703
28.0674
55.6561
41.9487
31.4814
54.7061
39.1612
38.0681
44.5419
41.6448
54.4917
40.5017
48.5027
45.6054
54.6328
40.7948
41.4098
48.4969
41.2873
31.5827
43.0168
32.4422
58.1783
43.9546
44.9696
47.1163
31.3616
42.8903
41.2854
36.5026
39.4944
49.8861
30.4105
51.44
30.8211
50.0766
46.787
53.4674
39.6573
31.7109
48.6055
39.6613
51.2393
53.0842
51.4022
55.0775
44.7205
45.0504
43.7372
42.1282
49.7446
59.0846
40.9643
51.4332
41.6887
44.4315
38.8111
53.6111
39.2212
46.288
41.4996
56.7116
55.4365
51.6361
40.8484
48.7679
50.3554
53.7131
44.2823
47.2128
49.1038
54.6055
43.5071
46.0555
42.5393
45.1986
50.0202
44.3043
42.9772
42.2572
44.2831
55.6663
43.4593
41.1957
48.4816
39.672
56.9449
47.1357
53.2258
50.8141
45.5892
54.1824
40.6424
37.423
44.4468
35.9366
48.2307
33.912
36.7734
29.2026
31.9546
42.023
47.481
49.3861
50.4871
42.2075
58.8502
52.1418
48.0696
59.1243
55.5454
46.9966
42.0724
44.5282
58.5543
36.4002
49.0961
49.0342
46.0271
43.0556
50.1797
39.5541
46.2184
39.8577
39.6051
45.639
44.806
54.4456
58.4367
52.5883
38.7555
41.3986
49.9123
44.0972
43.8399
46.8307
36.4388
54.3892
43.7357
38.6233
36.9363
38.7409
48.17
38.4578
31.4794
33.2827
41.1456
28.2582
57.8269
41.2837
50.4056
42.6058
42.8918
34.552
38.2638
49.5196
36.846
42.9713
35.2689
45.472
53.4362
38.3417
52.4531
52.8025
51.9252
60.0205
46.2816
36.2692
33.3885
44.0172
43.0964
49.8628
50.8741
55.1965
36.4322
32.087
49.5509
58.6463
49.4629
49.327
43.3076
41.4252
38.6009
38.4677
44.6298
40.1202
33.5395
48.6968
43.8304
60.9418
54.7239
41.0883
45.6877
56.6061
51.7736
37.5248
46.6102
43.9712
43.4806
39.0023
46.972
53.378
49.0942
34.3287
44.2018
49.1016
40.0683
48.7179
47.6865
55.5218
48.9812
47.665
39.7367
46.3286
47.077
50.6844
57.6806
42.7489
48.9738
39.3703
49.5135
28.6907
44.0336
35.0395
42.8266
51.3436
44.9434
41.1832
46.3555
44.5865
35.058
36.8547
37.9751
51.1572
45.6184
54.0351
43.1311
48.5199
34.1155
44.0218
42.2265
50.5701
43.8078
42.9165
46.2954
42.4866
46.8982
31.2593
44.7055
37.7308
43.1764
50.4988
38.4489
49.0382
54.4033
38.7579
42.6391
51.3949
35.3264
27.1222
52.1674
51.0576
36.0999
45.5327
38.6913
47.7927
46.339
34.8292
55.3855
30.9621
47.9964
57.3257
55.8225
40.1776
76.5791
50.4964
39.2028
42.3159
53.4563
60.6896
38.9977
43.3367
58.3073
34.1443
51.8571
54.1151
49.8309
39.1259
42.3756
64.6528
47.4429
48.273
53.5791
51.2824
40.5804
41.3793
40.0186
49.4385
38.8491
52.8616
39.224
44.0664
32.3304
39.927
44.5254
49.7975
37.073
40.6756
52.9404
52.5995
35.0669
48.1719
37.3647
43.1283
47.2427
48.532
42.9434
50.1849
49.6238
41.3044
33.3873
46.7519
49.7153
55.1462
50.1586
48.8339
44.4605
41.3482
33.5735
65.1878
40.151
47.186
38.9718
35.5878
46.2979
50.8474
40.4267
44.507
43.7666
48.5321
46.8303
50.0042
27.5226
48.4495
57.9564
42.4991
46.641
64.3635
38.0208
52.126
38.5672
50.4631
49.363
40.4805
39.7446
35.4013
46.6615
42.5903
38.6667
51.5036
40.7263
41.0033
43.4428
47.2498
42.8951
46.9351
50.2852
44.8127
49.2306
74.6155
37.3268
37.6471
56.0122
51.4389
32.432
33.967
47.0257
56.2865
55.008
48.4157
35.166
36.3416
33.0735
50.8139
36.7519
47.1667
48.0349
49.5598
44.6875
38.68
42.2999
44.4318
36.9136
47.2681
60.9866
38.2928
46.481
49.1097
43.1087
30.9862
40.9293
42.6342
51.1459
48.3385
47.6504
40.3518
46.8976
30.5984
37.3333
46.4939
45.7126
38.7381
46.8451
57.8209
41.6543
35.4541
38.034
51.798
29.4541
44.2232
40.1783
62.0156
44.2207
44.4194
54.6917
38.4441
51.0299
50.8635
48.5821
51.2725
43.1224
45.924
41.6795
53.5783
40.3874
55.9554
42.0483
49.8177
38.0215
43.4046
61.0859
40.9035
40.7727
41.2612
45.5293
37.5773
54.103
67.7917
48.2273
34.0241
53.044
48.8898
37.0504
37.7956
40.74
47.1991
40.8524
53.7923
35.8616
42.032
39.1139
37.0744
38.9388
37.9637
40.7094
50.1342
51.0698
45.3901
37.6252
47.7092
32.7768
37.8619
45.5812
43.9485
49.4679
49.1524
38.5067
48.1577
38.4451
32.2709
49.5886
37.9399
44.4408
32.9654
46.8327
46.7171
46.4146
43.9185
41.7795
50.1919
43.5416
55.9549
33.154
46.8637
44.7933
41.552
39.8639
48.1063
41.9724
54.2971
47.945
46.7494
58.2539
52.1842
50.1956
49.0698
41.6697
40.0518
42.5833
56.1532
45.8384
38.451
36.9198
36.0746
37.6479
55.5024
39.3824
33.4402
51.3908
35.4267
40.0784
37.9757
33.2914
42.4212
44.4469
59.3219
42.6562
59.2291
49.7839
36.5899
43.6554
44.02
46.4269
39.2043
49.056
46.2411
58.5132
41.3813
37.4292
47.1653
53.5401
31.8414
50.8986
35.1436
33.3318
50.4915
55.2344
55.1846
45.1882
33.0614
48.6853
46.3263
50.6127
58.6651
60.4285
44.5604
50.657
47.7722
40.3077
48.5714
63.2594
41.1225
39.0648
58.3089
34.1775
56.317
40.8454
46.3911
57.2948
35.0245
57.8114
34.0616
45.1329
45.7759
51.4848
50.6949
62.1305
56.9508
51.9539
28.0886
44.1866
42.8732
40.355
38.5906
41.8299
53.2453
45.0802
36.8495
47.1303
45.1476
53.2901
36.1597
48.8373
39.7827
51.6271
54.7377
35.9209
47.7182
65.2497
55.46
45.6131
52.4839
38.4629
58.0946
49.5548
43.3702
35.2131
46.8398
47.5379
47.4723
46.1189
41.1794
38.5292
53.4849
35.3749
58.1606
42.9817
43.7126
36.6477
35.9675
42.6743
53.2408
52.7635
52.6128
47.6595
48.2055
39.8511
45.1539
47.0206
50.0505
33.0633
41.1303
34.3057
42.5274
47.3559
49.0188
57.7854
33.2863
40.3605
38.4117
39.7132
39.09
33.7423
57.2892
39.7349
47.1668
45.5077
45.7908
34.196
32.0287
48.6715
47.6756
61.6646
42.5343
53.2066
40.9088
28.7898
44.4175
39.5126
45.0681
51.3108
59.4195
42.7438
53.7371
51.2416
52.4098
42.4014
59.367
41.9457
39.0778
41.3043
48.42
61.358
39.7936
42.6967
47.7751
58.1385
51.5172
39.7935
47.4672
43.2846
52.119
49.7491
54.0571
43.3009
40.8337
26.0052
62.4677
47.4392
41.7066
39.8432
41.8354
33.3051
55.2189
44.3235
50.9622
49.8976
38.1919
53.1534
49.8922
43.9642
49.9846
50.8201
52.5328
52.1356
44.5365
53.7796
52.8884
32.209
40.3613
43.4468
43.1522
47.6363
30.7263
33.9073
37.4415
32.2981
41.378
47.3373
50.4255
34.6517
44.5028
49.6616
44.0097
39.6522
50.3825
30.6772
45.8326
51.0152
40.6646
38.2935
59.8692
46.4426
39.9632
33.0232
36.6407
39.9007
49.3203
50.6994
38.1019
48.6129
27.9794
51.6879
30.5627
51.1242
50.4436
31.538
50.4404
44.9171
60.7772
57.1025
45.9692
42.9738
57.2255
37.6689
38.6206
34.333
53.0966
62.581
47.5
44.2882
43.6217
49.1595
40.196
44.5362
33.8578
40.9324
48.0743
44.4523
38.6552
42.4963
39.239
40.2019
32.2475
45.9633
32.8998
46.6655
38.4905
42.6355
35.3301
45.6433
47.7166
43.5469
48.0758
41.2935
46.3398
54.8161
44.0955
39.9792
42.5704
48.3398
51.5688
57.9529
57.3768
48.9669
44.4348
55.2673
39.1611
40.504
51.5253
48.9072
46.7494
37.2795
38.4103
35.866
39.3009
45.501
54.2853
41.2443
49.1263
43.8084
48.0025
38.0086
54.2297
52.9228
45.8273
40.0223
53.0576
23.3498
46.025
39.5453
49.5643
44.7007
34.3959
40.1684
48.5058
49.2336
38.581
36.7315
47.2893
40.4851
37.9187
42.3574
55.6081
28.2487
37.1585
37.1897
45.4115
51.9794
41.9198
41.0617
40.9224
44.9882
55.5189
51.5907
41.0023
56.6284
53.0429
39.7627
39.2934
45.2027
42.763
50.7733
35.174
58.2243
49.2472
31.9082
44.4508
38.9997
62.5917
36.9609
52.7733
54.7377
33.9127
43.6262
44.8811
48.4788
42.6863
54.1064
47.1789
44.4804
54.2789
47.4534
45.8855
41.7602
41.9869
45.5367
42.7012
43.6377
54.2708
56.2978
46.4003
35.3029
48.9073
45.5172
34.3708
43.0732
55.5004
53.829
46.1686
45.1414
48.9821
49.3073
36.9688
48.415
70.7237
44.6442
46.3531
39.5443
51.0351
54.5242
58.0737
44.2983
40.621
30.7098
33.4954
31.9896
48.8454
65.8171
38.9146
38.3081
40.8859
47.1003
57.2351
42.6496
60.9178
41.3926
70.6837
43.7533
41.9371
43.6793
50.3457
41.5771
46.1766
29.5218
44.3389
35.5674
49.2482
38.0952
51.9596
28.9808
48.0239
41.5923
31.9866
63.0621
38.9944
36.6263
38.7145
46.7804
48.701
46.876
47.5567
35.2343
39.8192
41.023
45.1484
51.9722
44.9463
55.5079
37.9769
49.2236
32.0713
52.3014
40.1585
37.4408
50.6183
39.126
34.516
55.6882
42.7356
45.8217
31.6349
39.4991
49.7251
49.4643
33.629
40.4522
44.2923
36.1055
41.4038
41.5093
52.324
42.0109
50.6696
37.899
52.3936
34.7975
51.7327
52.8323
32.3953
58.0491
48.5246
42.1317
54.9495
34.8073
49.8852
57.3667
50.921
34.1618
46.1903
24.5869
43.0009
35.6236
36.0216
50.5321
59.0436
28.2525
71.8386
49.4894
30.3838
37.8801
31.5457
60.3109
32.153
39.5489
48.6076
53.9176
47.0652
45.2962
27.736
44.9185
53.7939
44.7837
54.7548
44.1977
45.9836
46.9183
51.2572
61.1043
37.2691
47.7091
52.884
40.2424
56.5584
50.0332
41.2149
34.258
43.0663
42.4475
57.0521
45.125
43.2606
46.3259
52.7145
51.9452
37.5342
45.0496
58.3311
47.3826
47.1906
44.3983
43.8803
55.0465
38.5355
50.821
24.5535
51.6009
44.4494
46.1663
29.2638
44.0697
34.4139
44.0904
41.4994
60.7447
43.0629
39.762
31.4757
52.5172
54.2131
41.6449
41.9763
46.2661
37.0152
43.9271
41.5589
27.7385
50.8975
35.1634
42.4331
32.8081
43.8359
47.0187
46.9237
48.0423
37.8714
44.4097
49.4251
35.0776
57.6061
50.9531
27.8016
41.6428
35.8072
45.2446
39.3373
40.31
44.4858
40.1894
49.047
54.2675
41.309
40.4735
51.8128
39.1808
50.1308
48.1713
43.3522
52.939
56.0421
59.8025
33.9397
54.0204
50.5732
39.5652
55.4063
63.2152
49.4383
52.2166
42.4466
52.2661
53.5788
41.327
36.6745
44.4183
38.0007
37.8856
54.8708
59.0176
41.8886
37.384
53.9127
54.772
53.2643
49.4306
55.1667
41.9274
47.8345
39.2604
54.464
54.6376
43.2053
51.1703
40.0706
44.5618
38.7524
48.8783
45.7361
40.8824
41.9931
44.6465
45.4153
32.649
33.7252
44.1903
44.7166
37.6597
38.7703
51.1613
44.3991
31.7678
48.899
46.1369
34.4057
48.2052
39.4386
58.4966
34.6539
44.4397
44.6157
27.4591
44.2731
56.407
39.8674
51.6451
46.1751
45.0286
37.3719
40.7865
47.4634
43.4018
47.5788
53.0939
36.4197
45.1161
31.2548
35.9714
48.4455
47.3012
50.247
51.182
55.2109
50.7622
43.8427
50.5645
42.5553
48.6112
49.8705
43.7204
53.6727
49.005
45.2515
31.7185
48.3796
46.1807
35.767
46.6172
46.6756
53.674
40.3196
42.8116
34.4043
56.4101
55.3748
49.9267
51.2467
39.2003
62.79
36.9533
55.0567
34.019
49.4629
49.5929
45.5283
49.8849
49.8611
56.4441
44.3905
28.1277
33.8953
46.3459
44.6124
41.8656
50.5122
36.4883
48.7748
44.3464
47.0399
50.2296
40.8374
45.035
39.2266
48.5033
51.6284
47.3491
47.2751
23.2833
54.8513
43.4652
47.8081
42.1581
53.4254
42.7541
38.6085
49.7861
53.6079
46.7709
45.5951
41.1124
32.2416
39.8829
32.6462
49.8206
55.5089
38.1326
36.6721
43.7079
41.4269
48.3839
54.1434
49.8388
32.3893
35.0036
50.0067
40.2415
55.5699
31.6899
44.7173
40.3788
43.0718
52.4383
56.3698
56.2832
31.1034
50.1046
27.8908
44.4902
48.6634
52.0892
43.517
49.2544
40.5407
43.7201
59.6331
42.3826
45.1398
39.892
46.7659
43.315
60.0806
41.2849
47.5422
60.9254
60.2229
47.0279
49.8286
40.7354
46.4492
57.8271
42.498
41.0037
43.0684
44.4604
41.0739
47.047
50.9056
37.4328
34.5345
46.3886
41.1805
52.1493
48.3903
32.6796
38.2349
41.5836
39.0501
40.6735
42.8849
53.2055
36.2316
48.4866
34.239
56.028
35.4507
33.0714
44.6295
35.8362
53.8155
42.7736
41.9674
34.5976
50.1474
44.5737
51.54
44.1821
41.5568
66.3776
41.5657
54.1863
62.731
36.2243
42.7497
40.9717
56.3565
48.8032
44.9077
55.3848
43.9368
45.5682
35.2209
65.1082
46.0854
45.1167
49.9409
32.3651
36.0528
45.7082
46.0799
55.059
56.4323
47.3794
53.8988
34.1781
32.9238
37.1776
48.722
45.1042
31.7825
37.8505
43.7476
50.7642
36.8367
41.2706
38.5432
61.7092
52.2331
40.8786
51.6232
38.1603
51.7334
42.9254
37.134
48.2345
44.7704
48.6611
51.2381
38.715
53.1494
54.2453
46.0226
56.3078
56.7675
51.6219
53.0612
49.4266
58.6857
51.6659
38.0441
47.427
55.8119
37.9036
47.6097
40.6286
49.7004
53.1789
34.1714
49.4232
38.0211
55.3719
59.8638
36.2293
35.9725
46.2142
42.8892
43.3881
34.7021
46.8666
51.4994
41.1381
38.9073
37.6543
44.4518
54.0717
54.9682
58.5759
50.1098
40.5178
35.606
38.8337
48.3442
51.6351
38.8132
42.0348
37.2963
49.6308
35.5937
39.2624
44.4886
54.6042
40.9523
40.8723
32.2673
45.1392
46.3432
48.5291
42.9269
43.2836
47.425
41.9819
77.9998
52.682
36.8727
46.9782
52.6035
44.8537
38.1341
50.2769
35.6576
41.4459
43.9542
54.2491
39.7773
56.9513
52.2401
48.5863
40.3051
58.6986
48.9451
54.4047
53.4047
51.5711
30.8114
33.4685
65.9537
52.7545
32.0812
38.9053
42.1885
49.4955
44.9789
46.6425
49.9166
43.87
40.3382
56.841
34.3758
52.186
63.7465
48.6
51.0943
54.0016
45.6936
35.7646
47.846
48.0789
39.7662
43.9352
50.26
41.7122
50.9219
37.6425
52.737
49.8154
37.9401
36.9765
41.9946
44.9336
51.175
55.9173
42.6385
55.5423
39.1799
45.6454
42.9064
43.9748
61.9114
38.8041
35.3424
55.417
45.0664
52.8647
26.1435
32.874
44.0213
31.3319
56.0924
52.5485
48.1922
43.8171
38.9557
62.4862
37.1905
49.9125
46.7749
42.1604
44.2776
33.5786
52.4412
67.4743
45.8726
34.8269
34.4491
41.1288
52.9392
48.806
57.4266
47.8331
38.2287
46.4157
35.2764
48.7058
46.7179
44.1912
37.6972
36.8835
52.5345
32.2764
44.1588
56.2114
48.2256
45.5641
51.3338
54.0712
33.3866
40.6221
51.332
39.2741
49.4679
44.5684
55.384
54.1257
38.9738
40.8171
51.8334
35.6132
36.0943
43.8146
63.775
40.4699
40.5892
46.3466
44.0484
51.2156
54.2589
37.6572
42.2304
26.0658
48.2758
54.4564
32.3597
42.8742
53.0629
55.4176
38.6825
40.4387
50.6096
48.9909
52.6493
35.0204
43.3896
38.9024
36.53
38.9295
43.9905
53.7463
41.5094
34.892
42.5714
44.6651
44.2816
41.3268
43.1947
40.5328
43.5542
59.1084
47.5527
40.8812
47.9796
42.3312
52.3719
35.0612
45.255
33.5683
41.2052
48.811
34.4544
43.82
46.9764
48.768
42.543
41.68
55.2981
45.1073
42.7866
50.4952
38.9242
45.7172
46.1211
58.6877
47.8602
44.9421
43.7052
52.1655
28.0247
45.0073
53.842
45.6914
53.2512
43.5192
42.5612
50.2146
33.441
57.6733
38.7506
28.9596
39.1756
37.0182
46.8609
43.4837
43.4986
40.9146
40.3029
52.3225
44.3963
35.1926
49.1983
52.6003
48.2301
38.4538
40.932
45.3317
53.6067
38.3753
35.3204
38.4111
55.4772
30.993
46.7195
48.3707
50.4867
48.5818
51.7469
54.3421
50.6932
44.2014
46.7419
37.2928
39.6069
43.4312
52.4404
43.5492
47.4423
41.6249
45.5331
61.9569
31.9272
50.0165
56.7484
45.5578
38.8485
61.2554
50.4625
42.3096
59.785
36.674
46.2435
46.9549
48.1919
50.0155
50.7678
61.2216
44.4549
52.8026
48.782
62.4007
38.2874
35.6239
45.2733
49.7229
46.9988
34.893
39.5494
47.0168
45.7376
41.7536
46.8755
47.8496
33.8543
30.6663
38.25
54.6335
45.8796
56.8311
41.1204
43.3064
51.0615
39.8092
46.5317
30.144
44.3589
40.0364
52.7301
48.0158
47.3528
41.3483
49.4893
49.3748
39.363
45.0237
55.4858
38.405
43.1279
47.2938
28.372
45.6204
48.9236
36.4064
55.1223
38.1455
48.3456
50.892
49.1652
38.3893
60.1709
42.7489
46.7189
49.0785
58.7248
63.2842
46.5933
50.1028
48.2199
42.856
41.6628
74.0226
43.925
44.4406
53.0208
46.1899
39.2233
47.128
48.0847
52.2706
48.6092
38.3255
38.0969
40.1101
45.0619
49.8723
47.0536
43.8291
53.7584
53.4996
35.3829
48.7647
44.668
54.5122
45.5307
31.8239
50.1487
39.0193
46.3349
44.165
41.8705
49.8049
58.2581
43.5073
37.1465
61.5577
43.4544
44.1607
47.1158
49.8284
29.4039
44.8905
40.4596
44.1263
45.5799
30.976
50.4851
43.5167
42.9975
50.724
42.1347
41.1657
37.7598
63.8548
47.6962
51.698
41.2063
47.2552
55.5915
52.2531
43.2175
52.7049
45.183
40.1621
45.7795
39.3496
39.8434
42.7595
64.9563
60.4007
58.9563
51.6528
44.8703
49.167
53.0418
35.9296
47.4502
56.1292
50.997
39.5013
42.708
44.8247
48.075
51.3095
50.468
53.0206
34.5434
57.8792
43.6819
51.7988
33.6122
43.7478
53.2742
41.4921
55.4818
59.9549
44.6535
53.7524
48.6271
51.4303
38.958
35.9604
46.4936
42.6157
38.3572
47.913
33.8091
37.6027
48.1068
56.2955
37.0209
63.0382
45.5132
44.8313
66.7648
48.5415
37.629
44.8065
56.0941
48.9899
42.0855
49.3435
41.3933
33.7109
50.3822
32.4703
54.1474
46.2086
40.5116
57.5568
34.6788
46.41
44.609
47.3837
52.709
45.635
40.9613
39.8095
48.4464
36.9856
58.9877
38.3397
57.9591
37.3908
35.1304
35.657
23.3202
43.7193
46.3123
39.4805
59.659
36.4976
59.9549
42.6491
32.1296
51.2849
43.9296
57.3303
46.7362
38.1067
43.8297
43.1429
52.3901
58.3831
55.3712
54.4398
47.4128
39.9659
45.5331
38.9252
49.6714
71.2809
51.2267
45.0865
41.2766
41.513
45.1259
42.6875
38.9165
43.2465
43.3761
40.0751
43.566
49.6745
40.4652
37.0286
28.9184
35.9023
37.8109
33.1579
43.9789
39.2519
38.5803
64.4251
39.9573
25.3371
42.1927
48.1163
46.9898
48.5957
50.1146
56.6506
42.9421
39.5898
49.1733
49.489
49.7708
36.9212
38.8711
41.9631
43.9854
42.4511
44.773
37.7908
50.8916
50.5899
31.1629
42.7279
33.0261
40.8501
42.9641
55.8148
48.3146
41.6265
35.5973
52.0061
46.2472
55.572
47.5643
33.6313
46.205
63.1042
45.2062
37.5774
39.8456
41.9815
43.5288
49.7679
53.6725
44.3745
66.0107
49.0676
38.5949
42.2472
48.3063
41.0479
42.5821
41.933
52.8289
41.7386
41.9336
41.1781
49.0836
52.4517
39.9689
50.052
33.0495
25.7525
35.2304
23.8799
41.9909
39.7446
44.9632
33.4851
46.168
46.8945
38.6874
37.6327
36.7622
44.7196
47.6527
52.6034
56.5099
28.0125
43.8495
44.7154
54.2493
40.5265
48.1875
50.3123
40.9372
29.1999
43.9813
53.4661
47.2323
43.4271
27.0343
43.0411
41.0604
60.9077
36.9982
61.546
41.7922
51.3784
53.2474
44.0311
49.3833
34.4043
46.8817
46.5374
39.5985
34.2924
41.4244
44.4989
47.5292
41.8442
39.124
40.1033
34.7851
42.4867
43.4626
43.1424
45.9224
54.5516
44.4116
53.698
41.0005
48.4707
45.5446
42.1076
33.3629
42.9942
54.7306
48.8231
51.2469
47.735
32.0685
51.0259
43.9911
46.5962
46.5235
46.8617
31.4376
36.0783
46.178
41.3994
40.5015
41.1406
44.5482
46.6019
37.1843
46.61
52.5637
38.4762
44.9222
35.442
47.1663
48.9546
49.1433
48.9701
43.7458
40.9468
45.9932
38.5359
42.1445
49.2666
36.0616
31.8688
40.2917
35.6678
40.038
34.2361
56.5808
48.0663
56.2888
48.3985
45.5509
51.7678
45.3642
39.7518
47.1181
41.6686
52.8498
42.7942
44.2115
35.5611
42.8161
52.0348
54.0414
54.139
42.1229
40.5446
50.0384
35.1344
48.7868
34.8071
50.7362
44.3879
57.0062
55.6955
31.4483
54.5549
42.9449
24.8343
40.9975
49.368
48.7779
52.887
39.9309
53.7227
46.6433
41.8366
52.6675
38.7093
45.9336
45.2485
51.6833
53.7576
59.8545
52.2347
41.3086
33.5781
42.3317
41.8502
47.3424
37.103
37.6852
40.3698
53.8631
35.7835
37.7167
28.1845
60.0148
42.6331
33.8014
46.2398
49.9638
50.3035
66.3229
43.3661
50.9574
30.9929
58.8096
43.8111
37.4064
43.2419
39.3918
61.705
33.4434
37.8037
36.145
43.0136
40.1336
46.3519
51.7816
41.6385
52.8692
51.8367
45.8114
51.037
42.3397
40.6708
48.283
47.8207
49.638
39.3224
52.4854
36.3154
56.8515
26.9534
49.2273
39.9423
40.2704
43.0842
47.7159
50.7665
50.0783
64.0964
53.2004
53.1008
41.4417
47.8356
45.1847
43.8619
55.0907
46.4984
37.7846
37.3456
47.7186
42.2142
35.165
54.5355
67.7626
50.2883
39.996
46.8306
49.0567
47.2013
34.2685
42.0087
34.1023
54.719
56.6627
37.526
39.2845
48.1986
61.6394
38.4215
32.2326
51.2534
39.4129
43.5465
32.2897
38.9274
25.0281
55.7242
40.3836
41.7058
41.344
60.4764
41.98
33.8386
35.7183
50.6886
34.0941
50.0688
50.3101
39.4398
37.2111
41.5991
41.0598
46.5594
48.578
49.652
23.129
33.6796
45.7972
44.0023
39.6496
45.1866
43.1149
49.4212
54.3283
52.2192
51.559
41.1363
43.0613
31.3982
53.6072
46.6147
59.6583
42.2647
49.3223
46.0447
40.3486
45.4627
37.5178
48.4575
60.3887
38.2501
54.3861
49.2768
50.4269
38.2498
33.1609
63.2315
48.7371
52.3325
49.1597
43.4429
29.7332
36.3791
39.2138
39.1694
46.1829
42.4066
38.8664
46.3178
56.049
49.8957
48.563
27.3131
44.5678
57.1737
47.7632
33.8528
50.3292
59.9857
39.1098
45.1742
57.8728
40.3813
53.4901
51.38
60.6515
42.5455
47.5974
30.0418
47.6692
49.4885
46.7966
40.2613
40.8513
38.0087
38.9128
31.9072
44.2322
56.1348
44.8786
47.6596
45.3831
35.3715
35.6914
49.1868
50.8494
47.4525
53.3598
53.672
41.1523
53.5865
44.0565
57.7104
42.5936
53.0982
48.2627
54.2621
42.762
49.3053
41.7583
41.1919
45.0424
43.4506
48.0074
49.4057
42.1259
49.1794
39.0672
43.5899
38.6823
35.5648
52.4706
56.6973
39.4191
31.4178
32.5735
28.5449
49.4031
44.7851
40.4448
53.0582
33.9579
51.1648
55.3387
45.7119
48.0287
54.3526
38.9221
44.0458
41.8054
34.3348
41.1751
47.6835
48.5145
53.4298
45.7724
50.3024
45.0564
54.2128
48.4821
41.8243
49.5622
41.1066
49.1466
37.5519
34.6936
42.4697
32.9972
32.16
44.069
50.4966
48.7046
33.8637
35.6411
56.3397
52.0706
43.5896
54.4331
59.5582
52.7829
31.5047
38.773
38.9058
65.585
60.7083
37.3489
53.9448
50.4838
35.5624
65.1848
45.7488
48.0983
45.4759
50.6326
34.2609
34.1924
49.9571
39.6231
49.8842
43.4407
35.4705
46.8337
45.4641
48.2728
38.8774
43.7526
29.1417
52.2239
48.8033
45.1567
45.9502
42.6537
49.377
57.5371
36.1486
49.8345
42.4858
39.506
58.6807
59.5593
37.0706
36.0021
53.7173
36.7156
63.0854
40.5791
36.3537
39.9871
37.3896
42.658
42.0722
53.4691
40.1293
50.8011
38.6438
46.9443
55.1543
51.8975
36.4981
36.118
36.7424
72.6464
47.9254
40.3222
56.8901
34.2675
49.0636
45.8953
38.6259
37.2022
49.4835
40.9179
35.6968
36.8059
55.3496
29.6179
37.3193
33.0706
38.7892
36.4874
41.1199
34.0073
40.9475
68.6989
40.6447
40.4501
57.3885
41.1449
45.2345
63.6295
44.4191
38.1305
36.5644
30.4379
45.4059
40.0024
35.6591
37.5521
47.0665
53.3087
57.4691
35.072
56.1879
52.1227
43.4335
24.903
51.1611
51.7741
26.8349
44.2596
43.2618
50.4146
43.4926
43.9262
37.3583
42.4595
34.4812
46.0389
31.1219
48.8228
40.0766
51.2729
48.2222
42.2789
49.3926
53.5307
43.3766
32.4323
41.9312
45.3765
39.9055
45.355
50.9197
37.3212
34.6735
47.0197
41.0035
51.1802
38.8945
46.3509
53.0472
37.4549
38.0054
45.243
38.9911
33.1882
45.551
54.8586
45.4006
53.2412
40.6737
37.9289
36.899
31.9443
46.1988
40.5495
48.9808
41.4024
41.0914
34.3981
35.184
42.8116
56.0511
50.8414
47.5438
63.1063
45.5713
58.0444
40.6679
37.2437
48.1719
44.0076
52.8231
30.7413
45.9663
52.0574
49.9777
40.2564
45.0631
44.0085
43.4921
36.7185
35.6076
47.3029
41.2832
57.4341
40.9232
44.5854
58.2576
47.5469
51.2884
44.7196
53.7925
52.7946
46.0865
51.1815
53.7072
43.6993
51.6477
46.8787
40.4614
35.515
46.348
41.7931
43.1947
49.0868
47.0146
52.1766
43.6911
45.9199
49.4505
47.1784
53.5939
42.6401
47.7441
41.3487
48.5766
54.3873
32.4876
41.8692
34.1584
46.4869
49.5076
44.1697
43.6335
62.9549
41.6281
39.0229
52.6264
50.5328
26.5285
29.8965
49.9063
58.4823
55.8599
53.4477
51.5931
50.0594
53.3179
36.5574
43.4302
40.5895
41.2815
41.1182
38.2389
48.5662
50.8916
47.5836
44.1101
45.9933
45.2525
36.4175
49.182
42.2169
47.7343
37.3862
43.8203
45.7638
48.8671
34.2378
44.5671
54.2923
40.7759
37.6852
39.4176
53.6918
36.7143
57.2777
47.0078
51.4562
36.0059
47.3409
37.0538
42.6109
55.9014
58.1495
53.6371
35.54
42.654
49.4487
49.1358
57.1413
46.0005
57.0681
37.2302
47.3368
43.0689
41.0946
34.4441
51.6921
47.3192
49.9094
31.1176
34.5243
39.4558
51.981
48.6994
45.1941
49.944
42.2858
37.2891
38.363
45.9715
53.0642
52.3284
39.1225
44.3265
46.8483
42.6395
34.4128
38.0946
32.2286
26.7769
30.0911
44.1939
39.1427
45.1295
36.8994
58.7079
46.839
48.4904
36.9683
46.4527
36.5647
37.3668
49.0576
60.3551
44.7479
59.6048
53.1578
50.3725
32.4011
41.8904
40.0837
41.9046
43.1093
52.7822
51.2975
55.3263
53.0708
44.4964
51.3426
34.2219
51.5421
54.6563
40.6265
48.5655
55.0465
36.3616
31.0939
42.9686
52.4937
47.8769
58.4467
42.2776
46.1844
36.1392
49.1167
48.54
42.6816
33.7397
40.6156
51.959
34.7668
46.7033
37.3925
48.2108
29.2297
62.7103
58.0082
45.8341
47.3798
46.3478
45.0899
39.7824
54.0361
37.4913
41.4795
45.886
46.4287
42.5985
44.6334
40.5566
40.4395
47.6204
48.4357
42.5483
58.325
38.5838
44.1631
42.0837
54.9343
36.7359
48.3996
36.2158
55.571
40.7083
46.3096
51.9306
46.2568
54.9668
54.8431
47.4566
44.0538
48.1222
50.0471
43.5788
43.0184
40.2345
51.2713
38.6958
54.3891
44.0193
47.8198
52.7027
39.7182
47.4458
47.1678
46.181
42.8223
34.5798
33.5098
52.6769
44.6292
39.6643
43.9114
56.4012
37.7856
51.9767
35.3527
49.4338
38.8215
46.4274
45.6495
47.3765
51.3709
34.6632
62.4796
29.6296
43.5101
59.6719
34.7131
35.6087
52.5799
32.8565
49.463
60.9145
40.7688
40.5441
44.222
38.5484
44.9072
43.5707
40.6546
45.6458
48.0934
38.2673
35.6459
39.5653
32.431
33.5195
36.8081
46.1354
47.3025
63.4459
29.7715
40.655
41.5245
29.4577
60.5266
39.2846
52.1734
46.239
30.1274
46.9195
50.489
37.3326
47.4945
52.6101
67.974
33.2215
41.0713
38.6846
42.9971
49.2138
44.158
38.4728
47.0483
54.0356
43.5972
52.3936
46.0062
46.342
36.5607
47.2102
36.5812
47.3374
35.3352
57.07
39.9172
39.7204
40.4552
52.6875
34.2946
51.0192
28.8136
53.4628
44.6759
59.1274
35.6693
44.3255
39.7417
37.286
38.5943
47.8993
40.3332
55.6119
62.22
50.7104
35.1783
50.2515
55.3937
48.5139
38.9712
46.2951
63.23
57.2415
56.846
54.8964
52.2474
37.6544
38.6991
53.148
45.1753
41.7435
54.2785
41.309
58.9623
43.0268
56.4186
57.5946
45.9634
59.1018
50.0931
52.938
43.4519
50.3841
49.4937
49.0508
59.1479
47.4309
41.5049
38.6687
44.475
43.7427
43.4731
40.051
37.6316
41.7399
40.2942
44.4672
42.2204
26.8629
43.165
47.7309
49.8354
42.1963
33.8078
38.6594
47.793
37.6241
48.5465
41.7008
43.2167
44.9998
44.4662
37.2978
39.7032
35.7187
39.7249
52.1458
42.6094
49.7411
44.918
36.5696
48.4946
50.8491
29.7484
46.4389
26.8669
44.4545
37.7279
40.2362
58.5966
43.2709
47.4215
36.664
44.9769
41.8583
52.395
43.1607
54.9387
50.1082
52.3018
37.6799
58.4028
39.9498
40.6678
36.2798
28.7552
45.8367
44.8262
51.9738
51.6751
45.5349
50.4023
33.6219
46.1019
46.5414
31.7748
54.84
44.062
29.3942
37.8369
47.325
46.6116
43.6492
39.8514
47.2761
45.0181
38.8411
49.7032
45.5427
57.9143
31.801
43.3094
40.2296
60.5931
45.8063
49.1399
46.5166
43.1516
46.4383
49.4177
51.8016
48.9229
43.3581
56.5258
44.1121
37.3218
38.5861
32.384
45.3892
42.3156
32.8603
52.4543
53.3782
56.5148
50.2291
32.8694
38.113
49.9744
51.9462
53.3034
44.7355
39.2014
46.2847
48.0137
37.6441
45.24
44.8674
50.1519
41.6876
33.6683
58.4941
61.5932
42.3109
45.0259
39.2204
35.8503
55.2015
49.5847
45.571
51.9838
43.1353
49.4167
36.774
50.2893
51.5251
45.6607
50.082
47.9486
36.0082
50.3827
42.0908
45.3338
48.7057
40.0817
49.1685
43.2174
39.9451
54.8631
44.4442
49.5607
42.4163
38.4862
51.9879
48.121
40.4922
34.0813
39.1647
39.1801
50.3061
40.9247
45.6014
70.2962
46.5362
43.7232
48.4043
49.105
59.9309
52.9879
39.3442
44.1705
33.4624
44.2215
38.04
58.274
45.3618
46.252
31.4072
34.6494
49.3788
48.3385
49.4556
58.0895
40.8016
43.1106
57.1165
55.1001
53.4709
67.9603
54.71
40.098
38.4809
41.5629
51.1475
46.2705
33.818
48.1106
43.1663
40.9315
41.67
38.0175
48.1398
50.1881
53.3892
52.6367
39.5318
44.6666
36.8399
36.0106
42.0722
40.6674
49.0655
40.9903
40.0611
46.435
44.443
55.3064
46.7656
39.5716
43.1688
44.9094
35.8251
43.9744
51.034
42.2393
51.7326
45.0823
51.274
60.3795
52.0249
46.9082
57.9266
58.3799
37.6473
46.3891
50.0558
39.2745
53.6191
42.5811
50.9068
44.0866
52.8934
50.6828
53.8283
44.2214
64.4169
42.3022
40.2769
34.6234
52.6644
40.5018
49.5107
38.3446
50.2196
44.7447
41.7426
34.5421
54.461
60.4405
50.5357
50.666
42.5192
47.3081
37.6087
38.7328
46.3554
46.995
47.1612
41.783
49.7375
41.7176
45.7389
50.2562
37.244
40.5964
55.071
44.8317
44.6293
41.9488
40.1157
46.5863
43.9576
49.19
38.2869
45.1691
30.8559
45.0221
52.0692
32.6053
56.6388
44.2757
50.8283
59.3917
31.447
39.7138
53.7925
56.9256
40.5395
40.2406
32.5356
44.6907
56.0083
43.4614
35.9284
32.2089
38.7792
45.6785
41.461
51.8942
39.867
58.6717
33.9864
39.8961
40.7745
43.8951
51.7803
58.5349
55.267
56.8787
44.294
55.5123
46.7016
58.2639
36.5283
46.8535
55.5371
53.7845
41.413
52.6352
38.8586
37.1307
52.7554
59.5244
45.3971
38.3042
46.1409
58.3045
54.8039
46.6249
41.0911
52.562
45.6418
40.5708
40.57
49.5794
47.76
36.0605
45.7468
45.9897
38.1585
50.9913
48.9077
45.5712
42.5034
40.1466
45.2214
50.6769
41.7636
54.6356
48.9288
51.9492
50.1476
47.7455
43.2316
40.3803
55.1862
61.9734
44.3272
32.9873
40.8155
34.377
38.7329
34.846
51.7807
51.4012
36.074
51.7917
49.5397
53.0317
42.5964
39.5309
55.5944
46.37
45.3608
30.0521
60.2501
56.1962
47.7736
56.0488
64.4956
64.4139
43.8574
45.2132
40.922
53.1755
47.532
32.033
56.1771
34.8199
46.3332
51.8624
31.6885
42.1722
47.869
39.009
61.926
38.8481
40.7855
36.042
37.6998
48.7446
42.8793
40.0714
55.851
46.5551
42.8241
36.1057
53.6016
49.1721
51.8178
49.4449
38.0616
33.1126
48.5302
45.1544
35.0801
43.2571
32.2037
50.6651
35.4679
68.1441
48.5864
46.6501
47.3171
57.7594
46.7072
37.2058
43.6582
45.7072
36.1172
43.3884
56.6665
50.5144
49.4933
33.9364
56.5872
47.8227
56.7223
52.7835
51.596
46.3463
49.6893
49.6053
45.8443
52.822
45.9354
45.3723
49.1451
49.497
39.7007
45.4667
36.844
45.2725
56.558
38.5093
39.3332
54.9847
46.6542
36.6112
61.0411
48.0862
46.7114
39.3411
51.8011
45.5232
29.998
48.0372
49.1167
34.8552
43.671
52.2874
44.1502
43.6396
39.2895
42.8541
45.1048
41.79
35.7732
40.9587
39.0786
40.9329
39.2071
33.8941
44.7687
47.8445
63.7251
47.4806
53.7578
35.3121
56.0966
36.5254
54.5318
37.3853
48.5333
29.278
54.0137
40.7861
46.9687
46.579
39.1167
45.3257
38.4081
54.2702
46.9514
55.6407
45.9178
53.6006
35.5054
35.0295
52.7496
39.3592
34.8571
46.9064
46.2545
37.9813
45.0709
37.6456
43.7171
52.9214
39.7334
48.8726
43.964
43.6345
41.5491
52.767
27.6668
35.8397
42.4737
51.2492
36.3245
41.1669
37.2064
42.7278
50.5951
42.6824
52.3021
45.9587
35.7844
45.3655
45.3173
43.19
33.5983
50.3143
45.4582
45.9233
36.0743
36.9878
53.4408
48.1553
39.5229
58.4798
45.7193
56.0848
33.4375
56.2592
44.6604
34.9653
46.309
60.8713
54.1583
47.2839
58.877
59.1851
53.4703
47.9024
47.579
30.1697
44.7322
49.7042
50.7317
36.7773
38.1558
37.4488
46.873
27.815
36.3213
37.2349
33.8845
39.2066
41.8141
59.4123
35.2999
52.8011
42.0002
41.6992
46.6555
52.2518
39.6922
47.3555
31.7996
49.4769
44.166
56.6992
51.114
47.3166
40.838
30.3003
48.4778
29.0798
31.5426
45.1224
42.4614
40.6735
41.7341
40.7881
33.6382
37.9121
41.4233
38.6884
52.8051
50.6109
40.6511
35.099
45.7615
63.6912
35.0882
45.5397
38.7329
37.9421
38.848
47.4815
44.4127
48.402
54.396
50.4568
51.4671
49.1218
48.6233
39.1086
36.6668
30.2676
40.3926
27.8584
30.5776
44.117
52.1477
42.1325
47.8539
41.1005
44.7593
36.4827
49.6027
49.861
33.6695
31.7791
45.317
45.0515
38.3701
41.7294
37.2286
62.1358
43.0347
36.8046
39.9845
42.6546
36.8816
48.0785
48.5138
58.8484
52.6633
33.9
31.1504
36.0775
35.613
56.8313
38.7801
35.3945
47.9006
32.7625
49.4877
44.7259
45.8457
42.3036
47.6879
41.877
53.8592
43.2872
59.1718
58.5921
42.7777
42.4781
66.0944
30.7183
40.7641
47.9705
49.0087
47.9518
67.097
73.42
48.9832
41.7111
34.528
37.3892
52.3379
57.142
43.1608
41.0606
48.9034
40.0172
37.3077
51.7484
56.0934
50.7109
43.1374
43.0513
49.3101
49.1762
34.9096
52.8734
57.3779
40.5509
45.9774
43.2969
49.8144
55.8599
37.9799
50.5287
34.4853
44.8793
38.2456
36.9647
53.8233
45.623
39.9138
60.2053
49.2085
47.7656
47.5311
36.2439
62.1551
32.6952
48.1324
46.0895
46.8879
40.146
61.828
61.8654
37.7501
42.3562
44.2773
54.8282
42.5086
40.615
48.8087
49.1348
42.4738
37.6628
61.3154
29.2721
42.0157
34.0624
48.0424
43.948
34.938
58.5535
56.7332
49.8182
38.9149
45.5137
52.7624
40.9012
46.2588
40.6086
50.2646
64.5498
34.1195
49.7951
32.9916
40.7658
47.8033
38.8538
48.5863
41.9578
41.8081
38.9619
43.8529
37.0803
40.9146
30.3626
48.9735
45.3073
50.9672
51.6542
38.7635
48.0676
37.963
45.7867
33.2873
42.3362
26.7737
44.9882
53.158
41.3086
35.8816
46.5976
57.0238
44.1064
49.1876
39.9039
50.5699
47.4979
47.0431
43.5908
47.6971
38.0043
43.5238
60.5036
48.5558
41.1574
35.7488
42.9212
38.9592
39.6256
34.6478
53.5535
57.1554
42.6885
59.7754
52.7819
65.39
46.1452
41.6319
43.8376
48.6782
46.0286
46.572
47.955
58.1099
46.1364
31.7904
48.2411
47.1278
47.142
37.7002
37.8403
41.1215
41.4176
41.4438
52.1445
44.3278
50.4934
44.1735
54.1206
43.1222
41.1598
49.4958
40.0493
48.7247
43.6551
40.7224
49.0076
50.8417
44.5826
37.7602
45.7716
47.8977
52.1922
44.6403
43.2054
46.1504
42.0559
28.8695
52.4932
43.7279
77.6995
47.447
38.585
37.5089
54.8585
37.1258
52.7914
50.624
45.5307
52.4724
68.6039
49.8034
34.8703
37.3164
38.0853
48.476
39.6804
37.7317
57.2218
39.2444
41.6509
35.848
60.2057
30.633
42.9664
38.4301
46.994
36.9242
29.4986
52.4647
38.2384
40.9567
32.5523
31.1058
30.3654
35.075
32.3988
54.574
30.1239
33.6484
39.1559
41.4947
42.0204
26.5209
45.8162
33.1177
62.3444
37.9311
47.6784
38.8747
43.0443
52.6468
54.0724
37.4636
37.2473
32.2953
57.7763
52.714
46.3782
35.0829
45.511
32.3945
54.4223
47.7154
43.8067
42.3657
40.8153
51.185
39.6947
50.1174
52.0128
41.353
49.9125
25.8158
37.2611
45.9173
53.6932
57.738
44.484
38.332
34.9726
39.7874
43.3079
69.0816
51.2101
35.6672
31.3207
55.3648
52.2387
48.2792
42.2473
48.9337
44.0855
42.1203
32.295
40.5565
34.8989
33.3967
25.6387
48.0951
49.7988
39.1013
43.1111
43.2344
39.2841
43.1581
43.6173
46.5064
39.7801
36.8344
61.4442
42.7552
62.1204
49.1191
40.4566
34.8715
47.4323
42.917
54.8726
47.724
43.6968
55.0995
51.7278
41.9082
38.1945
43.0203
54.523
42.3244
47.3723
56.3164
54.042
47.5572
38.3875
38.3841
49.597
62.8338
38.7704
60.0237
44.3805
37.8981
49.5309
47.4369
44.0621
45.1101
47.312
41.5362
44.3596
54.4579
52.8773
40.6192
52.124
44.9077
39.0379
61.0457
40.8016
50.5904
45.7365
36.6728
61.6915
39.3044
50.7257
32.9925
43.8791
47.0103
42.4417
51.4896
42.8088
38.3383
44.3511
37.2109
47.2163
42.6391
48.2767
41.1612
50.265
34.9062
40.3702
48.7408
49.137
59.8006
50.2407
45.964
45.2157
25.8207
39.7785
48.9057
46.6182
41.8793
54.3058
47.9979
43.4988
36.4847
46.3528
52.9935
34.7474
35.9194
37.3939
38.1662
50.8869
49.2116
42.0042
54.0519
45.7512
44.9255
61.2567
40.996
41.4842
45.3707
45.6407
33.0507
48.6172
35.946
50.0803
48.0822
43.386
35.9949
39.9572
60.3656
61.7071
50.7843
41.0466
45.664
33.9469
40.5607
36.6212
44.7631
49.0731
37.9784
46.1206
41.8632
56.5086
53.015
61.7774
50.9214
44.8817
45.7391
34.4032
49.2409
46.7818
41.4826
35.4349
62.8368
53.6789
48.7705
48.7209
48.9025
52.9988
48.0077
56.924
32.4486
52.6748
41.1231
45.0528
44.3438
69.8051
47.276
50.4621
52.5063
54.9105
49.2687
47.3809
56.9004
43.3869
38.4986
41.0624
51.3142
40.1303
33.7583
48.4621
46.0524
40.7605
62.5584
54.7347
56.9019
37.8476
40.4346
44.3862
31.8575
48.7058
31.7635
42.5296
45.9705
50.7498
48.0511
67.9664
45.0281
39.0667
35.1117
43.2724
53.7837
36.495
38.6517
56.6223
34.313
43.8877
53.5106
45.9596
52.3389
30.9366
52.7674
42.4622
41.7389
32.3684
36.6858
43.0113
37.0116
33.7778
48.7615
36.8518
35.7348
49.2445
48.4066
45.4303
41.7469
54.655
57.7807
42.3799
43.035
35.3549
45.7426
48.2758
47.7286
40.4503
46.731
38.9136
41.2907
40.4042
48.5067
39.0839
50.3628
35.7959
55.2513
37.8636
44.9022
30.3644
45.0975
36.314
47.1499
29.1989
53.0697
42.7582
53.843
56.6618
41.8542
52.7462
29.6359
40.1239
33.1889
41.1148
56.9996
39.7633
51.8078
46.5661
50.4964
33.0288
50.2387
29.3574
43.3046
46.9373
48.0187
55.5478
37.6693
42.318
40.3613
29.6061
50.9103
43.1335
41.505
60.2692
42.275
53.1631
46.1053
47.1923
46.2617
44.4303
46.8637
42.6997
52.8323
36.4115
44.6111
40.1044
55.2118
53.6994
55.3606
44.7134
42.5004
47.4102
48.6497
37.2911
45.4286
33.7907
47.9728
40.2362
49.5992
45.6819
32.1834
44.7111
55.263
49.2213
37.3484
39.3124
61.0941
34.5166
33.1427
36.5793
57.5848
37.762
35.3333
46.0252
42.7194
56.1578
39.9842
53.0493
51.0349
44.2385
60.6675
47.2869
55.4985
38.013
63.6544
54.4951
31.1869
35.3516
49.9813
31.7554
40.0892
36.7736
45.1673
67.3723
34.7055
52.4977
42.5593
46.982
43.6762
45.5574
40.8216
43.3425
43.0456
45.2668
40.9313
49.6764
50.0089
39.7515
53.4783
45.8427
49.5327
41.6016
49.654
38.9022
46.0742
54.7115
48.4849
49.5566
34.5193
44.8415
45.5044
43.4576
46.5184
46.2316
49.4814
35.3689
49.9736
53.1941
52.0962
51.9969
28.3978
41.9821
58.9671
50.2639
43.7341
51.6939
45.2911
53.7528
57.1742
27.0353
35.0734
36.7076
41.1064
49.2196
49.0019
54.285
56.8747
36.526
33.0572
52.9829
40.5242
40.2875
46.7295
36.3689
51.237
48.9651
45.5744
37.7748
33.7443
59.0983
34.5199
43.7366
43.242
42.658
38.467
58.1664
28.6746
57.9445
47.2692
47.4472
51.0778
35.255
39.6156
54.9497
43.8265
51.1264
49.0327
44.7031
35.5972
34.6587
56.1994
47.5145
44.6576
40.7925
42.1027
42.2376
45.448
49.3144
44.7308
59.6325
42.5458
50.9016
49.3223
49.3156
35.2464
46.4845
42.6143
40.0319
55.9023
46.2455
53.0873
40.4537
39.9933
48.7794
38.3987
56.6433
49.9599
48.0272
50.9043
49.7321
41.5981
36.8411
46.4813
43.1417
46.3386
42.0152
39.2503
34.8841
47.5972
58.8562
36.5873
35.3638
36.6955
32.8667
44.864
66.0847
62.7099
44.7716
34.0219
55.6119
55.9083
31.2132
32.1389
50.3648
52.4125
52.0476
50.6477
50.9386
53.7431
52.8353
45.5706
52.3165
52.6224
37.6325
63.1838
39.1429
43.4025
40.5047
55.3648
52.1189
53.1902
38.1908
58.9087
45.233
47.9017
36.7072
48.664
56.3727
36.4459
54.7518
43.418
48.2067
52.9228
34.5069
37.5888
32.5327
60.2462
47.9503
41.3452
30.7985
60.0196
59.0617
46.1796
36.4995
47.4219
49.2972
42.442
53.7114
42.3388
42.4978
50.6593
60.5493
55.9777
52.1535
41.3251
54.3507
38.2679
43.1356
40.9769
54.4458
40.6089
42.4047
41.9873
40.3877
34.8862
44.5745
44.2896
39.02
37.8184
33.9348
43.0278
54.419
44.0046
47.7456
54.7537
54.0356
47.2737
49.1093
42.9191
57.2625
50.1973
38.9723
39.832
34.523
37.9707
51.6917
52.0086
48.5871
50.5827
40.5966
47.3755
42.0493
44.4919
45.0541
53.5664
52.2331
49.7838
61.5032
41.1996
41.4675
49.4479
45.73
41.0047
59.2535
38.6987
46.8062
45.195
40.7636
38.9071
55.7036
44.6451
34.6095
68.7124
59.584
44.5842
41.0578
40.1043
64.2444
43.0133
44.434
59.4189
52.6958
31.6069
45.582
41.9638
49.2605
55.9125
42.9454
38.5489
46.9424
44.931
35.9656
44.8703
38.8943
49.9544
51.1161
46.0874
41.7045
37.2095
48.7722
47.3385
33.6352
38.1518
33.5162
41.593
37.9797
35.597
41.4156
53.5813
43.8766
44.3054
45.1773
45.1459
39.2743
48.085
42.3828
46.246
51.8442
41.5244
48.5987
56.6853
47.9793
39.9617
46.1669
35.5752
37.5598
49.7342
42.4951
47.8187
33.9051
43.8414
42.0768
56.1954
46.2628
43.032
46.069
51.5144
51.592
48.5448
36.9788
47.0961
52.5412
69.6509
41.9806
52.1105
45.8097
48.5895
45.6026
45.4935
30.3782
42.5445
42.0252
43.135
51.9938
48.459
44.8719
45.9091
38.6016
50.4794
43.3838
47.8603
37.9735
42.9863
45.6039
44.1827
40.5009
33.8099
63.6835
43.0547
45.0435
41.9356
37.7021
43.1016
52.3947
31.2281
50.6557
44.9981
55.4173
44.6542
47.1464
50.7526
47.8979
37.9017
40.5049
28.3374
43.6162
37.974
38.7016
57.3413
30.12
38.7123
43.5545
57.5392
35.2121
51.2256
48.6286
45.9381
52.6319
42.9964
45.3473
45.238
52.3315
53.2084
52.051
51.0945
53.0721
38.1908
37.1908
46.2666
45.9742
48.1273
54.973
50.9849
71.8948
51.285
50.3658
47.716
42.4552
54.2093
37.2528
58.3526
53.6986
42.1407
42.4926
49.0942
36.0345
42.3234
44.516
42.7188
31.8051
31.8531
52.6602
42.8213
35.1957
45.2012
38.8043
31.6527
32.146
39.1932
38.2491
46.9422
44.4964
46.8638
39.563
44.8797
46.4551
42.2591
37.8779
46.2787
33.3216
43.8619
53.5608
53.8781
44.6497
43.8556
65.2125
48.5615
40.7583
54.398
35.4059
42.927
46.4365
48.6605
46.2261
44.2636
52.6921
43.6134
55.5252
50.3274
51.7355
59.0872
41.1103
64.8976
41.2493
47.1898
43.9747
55.3546
33.646
54.4295
33.1654
57.095
49.3152
29.7242
30.1546
44.1997
38.6802
36.9862
41.4374
47.1202
45.3285
24.1696
44.7716
29.8554
42.4517
47.8502
48.474
37.8743
45.1084
58.0792
36.828
50.5153
46.101
53.8064
36.3001
30.1212
49.7917
47.0271
46.4069
40.7195
44.4557
30.3388
46.5207
47.8096
41.1365
60.907
51.1344
53.3131
42.2279
51.1734
53.4775
38.7336
44.657
39.7777
54.4916
55.2236
39.4329
31.8958
49.8059
40.2837
33.2976
48.1703
55.8982
50.4393
48.0022
63.3996
42.8155
48.3428
48.6625
45.5989
42.1278
51.3265
55.6895
41.2204
38.4423
53.0604
41.6235
40.6939
36.1451
48.6616
45.137
57.0035
64.2158
48.1651
47.1201
45.3727
39.4995
43.6389
41.2895
36.6273
50.04
38.6276
53.1857
38.1028
50.972
51.0982
35.5675
45.4649
37.2442
50.4622
47.9784
37.5899
32.539
48.1856
49.8699
46.3946
35.4648
41.5699
63.4357
38.5903
52.2603
41.8741
41.4671
39.5513
54.2765
47.1006
42.5238
33.909
51.7121
27.492
49.8396
45.5009
52.803
49.2201
43.2597
41.417
41.4359
43.7746
44.1291
43.5102
58.5515
56.6702
53.2753
38.5498
42.2235
48.9697
45.21
39.3369
39.4911
44.059
34.143
40.346
52.1498
50.8472
43.5775
27.9776
41.3842
52.0147
39.7925
46.2055
43.2764
31.3928
52.3091
47.1506
40.4142
38.8022
33.4738
39.9864
45.8489
48.0375
38.7085
38.3454
56.5701
42.469
44.2294
44.3858
48.1867
46.7413
40.7114
46.3352
40.1363
45.0244
49.87
36.3636
45.8917
41.1294
57.8941
34.5595
44.628
46.4758
34.655
45.3214
37.1546
49.4983
47.396
40.013
32.194
48.4723
54.3996
28.7109
38.0573
33.8115
41.2392
49.7577
44.2157
48.3323
39.8438
42.723
36.2893
53.1774
31.2707
39.7335
36.7031
26.2577
37.6804
42.8368
43.352
46.6882
37.8371
53.014
46.7324
33.5011
40.6781
50.2298
47.4689
54.6731
47.2737
44.7341
34.363
54.528
35.8797
54.1093
51.863
41.5282
38.7073
35.7601
48.5001
44.2165
41.3168
43.9041
54.0666
41.3008
48.8807
35.9053
40.0946
42.0746
59.3784
42.0313
46.1436
51.3697
34.4076
38.6327
51.9667
40.0051
54.596
49.5943
41.2357
37.0002
39.4315
41.8183
42.5642
39.6881
43.4224
58.8924
36.1073
45.2843
39.0262
39.2487
42.5847
35.2287
44.087
56.0775
47.8942
47.8937
40.3557
40.6015
38.7032
37.7888
18.6986
30.256
45.7658
41.9715
52.205
50.734
45.5723
36.1527
45.5889
40.378
44.9933
48.4574
47.3917
43.3178
34.6448
47.8859
53.6547
44.7807
49.2367
44.4552
43.4829
40.8473
56.2475
54.4258
41.9768
49.7448
38.1409
32.9341
42.2597
44.8296
37.1882
44.2928
39.9637
39.1685
42.2885
43.6876
46.6109
47.7797
41.1001
44.0385
35.9444
46.4368
32.5595
32.7931
37.037
49.6466
52.2066
39.9577
47.8616
41.3865
49.887
41.2477
53.4759
36.3566
45.0152
37.9735
48.4861
39.2481
42.1345
56.1147
21.2751
52.3626
46.0177
45.661
43.4524
50.0301
58.2509
35.5272
40.6962
58.8277
39.3838
51.3187
41.8935
31.495
55.2338
51.4949
34.1785
39.9115
43.6342
35.0513
28.4914
66.207
38.514
49.2743
32.7782
33.6194
51.5919
32.409
35.2668
30.6796
33.6035
47.5477
41.0307
40.8109
50.9462
45.9129
51.1111
40.4354
41.6917
42.3808
40.3933
40.0024
47.6414
46.3903
42.7817
51.506
46.6524
39.4461
50.7719
53.9736
45.9826
54.4302
33.3531
40.4381
51.4744
51.4942
34.5093
44.9012
51.6749
47.0166
45.4236
37.9624
49.3345
41.0471
53.4092
46.565
47.6027
70.975
43.0699
42.0459
52.1599
55.0365
43.3282
42.2759
40.7255
53.0084
41.107
54.7659
48.0908
41.4195
66.8855
48.2668
52.2381
45.3116
55.8683
40.5081
47.5206
56.0188
43.2565
36.8438
45.7598
31.0666
43.2527
41.5759
49.7008
55.9188
37.5612
53.1739
51.2786
55.7021
56.407
56.9957
35.0935
59.0715
48.4728
42.9137
40.5171
32.6013
45.9808
39.4905
39.0636
40.0234
49.0117
59.1587
45.6938
53.0285
51.3369
38.2725
43.571
35.9091
47.3349
51.5845
37.342
47.6809
31.6141
46.9453
33.258
48.8378
43.5378
47.3025
39.1771
47.4073
41.7168
51.9423
38.434
35.3011
36.5709
52.64
40.9742
37.9935
35.1699
51.1193
37.6092
49.3125
54.3199
53.4351
40.075
51.8339
40.0632
38.0214
43.5718
50.8873
39.8871
37.6829
47.5139
65.4546
57.7114
46.2536
50.4492
58.6204
49.2743
54.7416
35.7245
47.8872
43.6105
50.0597
45.0494
40.0395
31.9402
39.0865
41.0762
42.5159
46.7182
44.6636
45.0996
45.7378
47.8025
58.8864
39.4032
42.0323
53.9529
38.2823
50.414
42.2476
38.887
46.2309
45.7709
60.5865
48.9985
51.5968
39.716
40.5762
49.6393
33.9219
39.7101
42.7372
56.286
47.3602
36.203
38.0781
45.5649
33.1063
37.4591
49.9271
35.8564
46.4908
41.2671
61.5658
52.3461
42.5387
46.271
56.4671
41.0127
52.0525
51.0556
42.3661
44.3005
36.2326
38.6601
40.2483
35.3092
42.9624
33.9021
46.9893
45.4151
47.727
51.8948
50.0757
52.6265
46.5904
33.8894
56.7882
32.6473
46.2965
37.1346
28.7996
33.4393
47.9684
46.9128
38.9646
49.6636
43.0908
53.7616
51.1077
45.0363
26.1651
43.6479
52.9244
49.0044
45.095
50.2303
45.5674
51.0823
39.996
50.2593
51.5733
65.2588
55.2082
41.2616
48.1957
69.5806
39.3263
51.6563
53.3666
44.9124
62.4762
45.0374
36.5145
52.5903
45.75
48.963
56.2907
51.8413
54.6643
51.3527
47.0537
51.4415
46.0413
52.0425
28.7504
48.4998
37.1096
37.9658
40.6589
52.0254
37.9535
50.696
40.2616
57.2756
42.8476
49.6426
46.2205
49.134
47.9209
52.3203
42.8715
39.2149
39.969
37.331
43.9766
39.739
37.8685
50.5882
36.7724
33.051
45.274
40.8193
54.5161
55.2384
25.4824
41.4118
43.1186
41.8714
42.6133
49.1737
40.5019
37.042
63.9635
48.8739
57.9977
45.1407
43.0163
35.3947
44.7703
45.3335
54.8347
46.0131
52.1347
45.5148
42.4991
38.9227
42.4065
37.3748
40.2196
45.258
58.4288
50.6665
39.5131
50.5411
49.4602
40.5675
41.3665
34.1631
57.4528
41.343
38.2355
48.6856
43.4237
63.4905
36.7568
46.1788
28.7329
45.7022
60.026
44.1412
32.9005
43.5167
51.781
38.0513
45.4046
73.2968
40.7376
46.0652
44.7526
40.2631
51.524
29.941
39.6444
41.6701
45.0449
38.2336
41.5822
55.9109
52.6348
39.9567
40.8477
46.5019
40.9118
39.2905
46.6024
44.4877
55.884
33.5306
48.486
40.2874
46.147
36.5857
46.4225
57.2707
44.8481
43.3137
41.1572
51.533
46.9189
34.8906
46.1878
46.5759
46.6216
50.446
57.6833
46.8951
51.6787
30.1152
57.2901
42.1444
42.8572
43.1246
40.7626
45.3615
44.2171
56.6898
51.297
55.6424
46.0948
51.8596
55.663
42.2373
42.8901
45.3694
55.6969
65.108
43.0373
40.1674
59.1
39.6708
50.2945
36.1808
53.587
30.0375
44.1356
41.203
27.9585
39.3641
39.863
41.9903
51.8623
34.9182
45.3688
27.6704
36.6347
61.1634
62.3412
52.9517
35.9417
48.571
49.0916
52.4774
38.4517
36.5686
54.2912
38.6783
43.1258
50.1927
39.3332
51.0316
52.2698
43.4099
37.1833
44.4408
42.7066
49.6517
38.0528
28.3769
49.8334
40.3979
43.5371
49.6349
41.5522
41.4706
37.7236
49.6318
56.7329
36.1068
38.5815
32.1416
62.2509
50.0839
58.519
44.661
55.6305
38.1321
47.0158
55.966
36.4578
35.01
48.4616
45.2102
49.7438
30.5151
40.424
54.2906
44.2156
41.3082
47.6961
47.834
45.8848
43.4046
40.6353
57.0434
52.7344
50.9555
37.0194
42.459
55.9943
43.3551
48.0961
48.9472
34.295
35.7127
55.8914
36.8789
42.0253
29.0287
36.8743
36.1509
40.071
51.6243
36.152
41.2568
49.2773
45.6558
56.9814
43.9007
53.8715
45.6583
36.1214
42.2887
38.9862
49.6914
56.8355
44.233
37.9345
38.6242
34.7846
31.607
40.1511
42.0705
33.6401
55.4537
39.6837
56.1472
43.3999
36.5204
40.7397
57.0797
42.3919
51.0094
45.1784
55.5019
51.0023
44.3324
49.4262
49.0113
42.266
64.6074
52.8909
47.745
50.6819
45.752
50.6314
53.5339
40.8124
49.1993
59.0383
37.283
51.0846
49.6063
60.5797
47.9832
39.1601
50.0843
36.83
48.9738
58.3926
54.7916
48.0408
56.0935
48.7601
51.1676
55.806
49.8608
46.0912
43.3562
40.8563
52.9733
41.5683
43.343
43.5543
51.0887
38.6085
37.7371
44.678
46.5009
31.0336
44.7039
54.7223
47.3137
53.4562
48.1666
42.4086
42.8731
41.9859
48.9687
42.2224
37.9498
38.6149
41.8871
45.8213
57.6
49.1529
39.0819
57.0058
50.3237
53.7167
41.4101
48.584
58.4895
39.6747
52.2068
53.261
48.148
41.8429
42.3114
49.8551
52.0062
53.1452
45.1946
55.8186
54.3529
41.9926
32.8013
46.4927
51.97
49.4095
44.6864
40.5295
45.9174
43.6527
51.7041
42.3099
45.8113
71.2925
53.0218
52.1646
48.1248
41.2332
45.1352
38.1644
53.9795
51.4567
28.2101
33.253
46.6138
46.7134
48.6153
47.7215
46.3476
55.0241
44.3381
53.8857
41.6919
51.9779
50.4043
45.0798
40.3608
53.6945
51.141
39.7523
46.7636
48.5667
50.3469
42.2094
56.6446
47.6835
49.7011
45.3865
41.008
47.7783
45.1352
40.793
41.1321
37.8557
42.5825
50.2421
36.4775
42.1657
42.8453
49.2194
55.3243
52.8947
47.5132
51.6135
44.6824
52.1732
44.9354
42.7561
32.8783
71.2843
50.2658
57.1861
39.7952
59.0035
47.489
59.8776
46.5734
34.2784
46.3145
44.3792
37.0638
43.1016
49.8299
50.1693
41.8209
54.9704
47.9046
32.9884
41.9259
52.0245
52.6479
46.7415
40.6035
48.5184
44.2716
39.8421
55.1156
51.761
49.3792
49.7699
40.2641
29.8251
35.01
46.5233
41.6148
37.491
42.8907
66.7101
59.6079
44.3851
42.5352
46.2514
57.1911
36.1919
36.4256
41.9531
52.6265
45.6558
39.6
52.1007
66.9796
49.643
68.2368
35.6401
43.7417
34.7432
63.7702
40.4463
46.7039
51.4225
37.9997
43.0026
44.7619
41.4096
48.4953
44.8044
42.0691
45.4966
40.9779
49.6749
40.1945
38.9173
42.2535
54.5717
32.2483
33.3677
38.8717
49.3093
42.7675
46.5446
46.6535
37.3817
45.977
45.0866
60.0128
27.6533
42.5289
45.8625
28.167
43.2153
59.3379
34.6742
38.9998
50.3044
55.5812
27.1131
44.0623
51.8931
39.6958
34.1932
52.8303
58.1649
52.6188
40.9607
56.3457
44.0593
37.0679
52.2888
36.5831
43.8738
40.2803
39.2294
30.1323
54.6326
55.2961
50.6354
34.6913
40.275
37.5402
39.5884
48.0279
57.9889
53.6282
43.9003
43.8991
37.1767
39.4559
37.0807
45.6247
56.7537
41.656
56.465
70.5545
41.2496
53.7846
37.6385
41.1595
47.0695
50.5974
54.2918
36.3314
45.9442
59.2086
46.2168
46.1969
41.6306
38.9895
39.2704
41.7344
36.0226
41.9017
44.2435
35.4559
38.1077
51.9551
52.3782
38.8656
45.5394
39.9762
44.05
57.2651
47.5179
69.4469
57.4165
39.9967
41.8041
35.079
45.2934
49.1321
38.238
65.2591
38.5627
43.0246
47.3092
41.5365
30.8395
31.4937
40.3296
45.2789
39.4271
50.5572
47.9403
48.9659
50.7999
51.3087
42.6778
52.997
37.9251
25.8603
34.1305
37.9527
43.7725
49.5612
47.3991
46.8756
45.8899
42.9024
44.9703
61.5423
35.9152
41.7582
45.4335
57.5662
47.5748
43.534
47.1997
39.2792
55.4689
44.6069
46.3943
57.0329
47.2927
41.0343
48.377
60.6504
36.9526
48.6297
57.9521
56.3158
43.218
60.9433
33.737
47.2486
34.4503
52.0665
53.3647
45.9053
48.5802
49.7169
52.1474
38.8974
53.0122
45.0041
64.9131
30.2812
39.5761
38.1411
38.8263
39.6961
49.9916
30.8277
48.8033
31.7545
56.3406
43.895
37.7041
49.5849
55.4385
46.8307
33.8557
39.9303
27.559
39.7474
34.9999
53.9214
53.1639
40.2046
34.6149
45.9922
44.2787
39.6462
55.6193
45.5692
42.6795
58.0194
57.3523
45.784
49.3654
44.8765
39.0663
40.8994
51.4265
47.1315
46.1205
49.9563
65.3752
46.1449
49.6868
51.2004
34.3719
43.6543
49.2922
41.6329
52.4487
37.4014
60.927
44.3888
25.784
35.2847
43.6265
41.8991
50.6656
42.5322
44.464
42.3591
59.4812
48.8017
31.198
63.3544
45.9308
45.8648
48.1672
43.5094
37.4954
51.8031
52.7893
39.335
50.9387
52.8065
49.8408
41.5955
48.3346
55.6019
42.0836
44.6857
45.4952
43.2277
40.2043
47.3637
55.5087
44.3387
29.0967
65.9705
46.9709
42.1638
31.1571
56.2651
46.9902
51.049
50.0272
53.6916
44.6771
33.8738
45.7685
54.8608
40.329
48.9534
47.8517
35.3802
46.3976
35.8629
38.2927
40.4334
37.4695
55.4937
47.7291
33.2471
46.0358
42.4645
54.771
35.458
51.0828
41.419
47.7222
43.7225
37.7919
50.4384
26.6138
47.4045
43.7872
51.9245
37.5775
40.3391
40.215
42.0168
46.779
32.7149
35.7402
43.3958
47.0623
37.8687
53.443
48.9551
40.8794
41.7815
39.5094
37.4418
43.9985
45.471
37.6501
40.5115
52.7482
53.0325
36.8404
48.7268
27.7272
57.7888
43.1688
36.8804
51.0913
43.8377
47.6659
39.8603
47.0605
50.395
47.0287
33.0029
45.1348
45.9678
53.1151
36.6721
40.1951
42.4176
36.5773
51.7548
39.1931
52.2942
33.7139
43.1775
46.1975
45.5459
43.6915
46.3548
49.5564
65.7318
47.0765
29.9304
38.2894
36.2242
47.7231
40.5828
60.3153
44.2629
38.9519
47.5985
35.4501
40.497
41.3456
58.1605
42.4774
53.7747
39.969
29.0568
54.5638
45.3749
38.8685
46.6748
54.4038
47.149
48.9201
48.5959
40.9811
46.8759
40.3419
57.1392
53.2382
27.8866
50.2445
47.3533
45.8457
51.4714
34.2572
35.0287
66.6236
44.0568
50.5192
33.3262
42.6349
39.2702
43.9775
62.3799
50.8255
36.0385
52.3669
35.8085
49.6118
48.662
44.3723
44.6364
51.9722
44.6482
47.6636
41.9806
63.4591
61.1509
42.4221
53.8992
39.935
41.424
51.9451
38.9654
48.085
45.4082
55.7638
69.6973
39.0376
38.2945
52.8551
46.7666
56.308
47.2214
40.9959
35.5036
57.5484
46.0884
53.0661
41.5997
55.0977
50.2826
50.7035
42.9115
36.016
53.0271
41.1533
49.834
37.634
54.0955
43.5708
40.6418
43.2786
41.5125
48.6149
49.0695
41.8538
49.8711
45.6574
37.2584
32.5292
50.6547
48.2376
41.5777
57.9292
41.2457
40.917
47.6597
49.5128
42.6204
62.5871
54.6974
49.6534
39.0717
51.8426
37.6856
51.4933
50.5794
36.7418
33.1828
45.5423
52.5123
48.6977
42.1904
34.9905
38.2525
36.222
44.292
44.3705
44.0088
38.2614
47.0618
34.2021
28.9287
41.2534
47.5468
61.1983
40.7534
38.8202
58.9152
28.327
55.2577
50.3084
46.965
55.4206
42.7226
54.5371
41.1704
35.3473
48.6545
36.1804
52.6582
55.1018
45.9675
36.0868
49.0628
34.6422
46.8916
45.3792
47.2722
37.0022
54.0133
38.6612
56.5124
47.7739
54.0789
54.3315
52.2351
47.2924
42.663
60.1726
52.4609
32.9726
42.0028
49.7178
33.5696
51.9754
49.7696
36.3134
41.5684
48.6514
55.984
39.4588
26.5465
55.8949
36.5608
38.2888
56.0996
49.3231
38.3817
40.6365
46.0312
47.1658
55.967
42.288
53.2977
45.5314
53.7192
40.8692
47.8171
38.7439
40.7242
39.7934
33.287
54.6717
45.0048
44.1025
44.6026
46.3291
49.836
54.877
41.7214
48.3439
59.2646
43.3787
33.388
41.854
39.0909
51.7486
40.0068
48.9797
38.8714
59.8701
36.6683
49.9269
39.6906
54.5664
39.4922
32.2639
55.2112
49.4129
46.5395
31.6628
51.2643
42.3287
43.5879
44.1231
54.6095
39.6393
57.6173
34.253
38.6891
46.6509
46.9468
38.7538
38.2015
44.3754
56.2044
40.3606
50.0557
45.1171
48.8288
38.712
51.2781
41.7742
38.6257
43.7003
48.1588
34.3385
35.4389
44.1782
38.6154
47.1631
41.788
49.4115
40.6873
54.8036
47.5444
48.1768
54.8738
41.5786
46.6425
40.9196
27.2908
48.2546
38.3878
44.3781
45.3609
39.6878
41.2224
41.389
41.3362
49.9815
40.2178
44.2134
47.4159
40.9928
34.1065
56.1916
44.2173
38.4076
44.8373
43.6408
42.4096
37.3981
54.6157
46.7691
60.2577
32.3441
31.5275
55.7103
43.2629
33.7962
41.7439
46.951
46.4372
31.1019
58.4465
50.22
41.4546
28.8361
42.7208
47.1747
41.1643
54.8083
46.2318
54.8965
26.7459
27.6316
45.2023
54.2488
56.7154
48.5603
51.4963
56.6251
35.0029
29.0993
50.1836
50.6671
46.3095
34.9019
31.1581
38.7878
41.1753
49.5649
58.4872
28.0337
60.2744
51.1345
28.6855
34.3856
42.5777
36.476
56.8857
49.6843
43.6127
49.5542
52.4204
42.4879
57.9266
52.0246
52.9616
44.2544
47.7419
42.5704
45.3029
43.1399
53.5523
56.3587
37.2262
50.5151
45.4382
42.1097
39.9226
52.3377
48.5758
42.057
46.0943
42.1126
37.736
26.9885
54.8713
34.1077
49.2668
45.573
47.8436
57.6901
35.9356
65.0852
43.4544
39.2499
48.5598
54.137
40.6072
45.4459
43.8112
44.4651
38.4916
47.4552
43.1733
48.526
49.5693
36.424
39.7577
40.2406
54.5306
39.1642
59.2699
35.7659
43.0037
62.1007
48.4431
46.719
45.9971
40.1345
50.0749
46.6753
49.6632
37.3109
56.2489
40.975
50.3096
35.9147
51.1214
39.3237
35.519
48.8524
38.4145
41.7429
35.6091
48.7112
46.0035
50.7908
34.2022
36.0892
53.2881
38.0495
50.2148
42.7023
50.4396
49.2826
50.3392
35.5076
45.3972
43.3465
49.6634
56.0085
48.3892
62.9628
53.9526
41.6804
53.4087
47.8161
43.8935
42.7014
42.1976
54.5033
36.748
54.402
48.5112
44.8249
53.6738
40.255
39.4
39.5129
36.5051
44.4276
46.9758
50.0366
44.0136
52.6496
50.5898
39.9122
48.4953
50.5125
45.5956
46.588
53.4345
51.7148
42.6373
44.3642
44.9331
56.3732
49.4198
35.0799
41.7387
35.6271
41.2647
37.1668
50.7019
43.3875
49.7594
39.2514
45.8814
48.2406
49.8725
43.1157
40.0349
45.2145
36.9487
34.2054
45.4389
42.5463
37.3581
43.3457
40.2003
49.1136
60.1731
44.4814
40.44
51.1288
48.3048
42.0778
37.5807
44.6881
38.5878
43.8086
42.015
38.4443
34.2118
48.3049
36.5608
48.3357
63.23
31.5549
50.2256
45.1871
32.7921
47.6577
36.1945
33.1812
44.5927
27.121
52.7703
47.0688
44.2487
45.3435
53.7698
50.1315
32.6517
33.0918
36.9032
49.712
35.5817
39.8012
48.1509
37.3078
55.8803
48.1065
42.1099
38.9678
50.5435
42.6818
36.3115
40.2472
44.6173
45.2235
40.9388
31.5797
39.7964
44.8354
47.253
35.2258
53.0657
41.2107
55.0349
48.6652
51.641
39.8375
47.3364
43.6249
50.2652
42.0348
41.6627
39.3277
44.5085
54.0476
49.9001
41.1666
52.8834
63.1382
39.2169
58.5979
52.3832
56.7143
46.952
47.2554
49.9338
46.6789
48.8597
47.534
50.547
45.6704
50.2438
49.8874
29.7651
38.7293
50.065
42.0977
39.8044
54.1543
46.3229
35.9663
37.4293
46.9946
50.4721
50.9086
47.9511
36.4304
39.9855
44.2554
42.2883
40.4166
24.1327
55.0831
47.8876
56.418
58.148
57.3503
48.6246
44.7203
35.8211
40.6151
33.2906
45.6775
59.0841
55.6548
53.1483
40.0919
49.5728
46.6125
50.0729
39.6605
48.3024
52.967
34.0478
31.1638
50.8871
40.8017
54.4515
45.6845
69.8991
48.6495
40.5169
41.6779
45.9652
44.3053
51.3246
40.0122
56.5756
48.0123
51.6062
42.6085
62.4194
42.2874
46.8797
53.6472
57.5004
31.5713
45.6531
32.2955
39.4821
40.7641
50.0557
40.7195
29.1525
27.9609
43.2248
40.3171
58.9726
42.1872
35.5552
31.1189
37.116
50.4954
45.2094
43.9252
50.97
51.2752
30.2532
45.3809
50.1555
38.3035
46.8896
52.0411
41.2483
62.7139
56.7888
38.5416
42.6293
42.8837
47.3986
34.8179
46.5568
51.0275
49.5512
37.9031
49.9556
47.078
39.664
43.9401
43.287
48.9917
37.2597
47.403
42.8087
51.2023
35.0712
44.5097
49.7121
33.6281
50.7889
47.9129
50.6278
33.1037
49.2292
41.9383
54.6299
43.6105
55.0203
41.724
35.8714
40.7953
57.1268
32.7837
52.3681
39.0834
38.1061
42.7541
41.2309
44.0105
38.6681
40.9662
57.1967
40.3039
55.4434
42.217
34.2812
49.5639
60.2232
56.7955
34.1132
55.9828
42.6086
54.7057
29.7147
43.4643
39.4819
50.4255
59.5456
46.8356
49.567
36.8498
66.5208
33.4771
46.7758
46.6489
49.3591
36.852
36.018
38.5379
63.5811
48.2282
46.2877
53.8935
34.4652
45.1516
41.5525
36.8325
47.0357
41.6256
36.3115
32.6618
34.8499
48.1731
46.1132
52.042
44.7678
53.2672
37.1356
56.5042
38.946
37.9635
41.6235
48.8691
36.0462
40.7303
49.914
52.9267
41.5956
45.9059
34.4109
66.524
53.6141
37.6085
47.3362
45.0564
42.5252
42.2973
61.9526
37.3177
58.3469
44.845
62.2741
45.1106
46.1686
47.0051
49.0595
37.1276
41.9413
45.2336
60.1689
49.1261
52.4066
42.7488
45.7065
55.85
30.699
41.7834
43.4751
47.6113
48.2906
41.5353
46.5019
42.8041
37.275
29.7423
48.2332
33.6764
42.4563
45.3426
40.4941
49.0908
41.9705
43.23
52.1525
35.1042
44.1872
45.4998
44.481
41.313
46.1239
58.5291
42.3848
34.2105
40.7104
55.4298
36.5033
42.1357
46.533
46.0617
51.9369
57.3783
40.2772
60.3831
42.2483
41.9653
37.2247
29.0925
51.9674
45.3236
56.2761
39.0445
42.047
39.3596
57.1538
33.2455
41.7328
35.728
48.9117
49.528
34.9067
48.3179
47.3572
53.9669
45.2944
44.2625
45.2776
43.2569
38.3667
52.1793
33.8893
39.8631
46.1647
52.4746
44.6853
40.8104
46.0359
45.5741
53.7173
32.1937
38.7106
39.8957
39.7033
55.0989
44.9432
29.8657
46.3752
40.2562
36.7815
47.8045
53.6123
41.4869
30.4144
38.1068
38.0521
45.5499
42.1671
34.7273
56.6675
47.117
47.7142
43.8442
50.4423
34.4234
55.5184
33.5946
50.109
56.4584
31.2607
57.759
49.6916
46.221
55.7664
34.0254
45.7011
38.7321
43.1082
52.9033
36.7871
57.7822
34.8215
44.4052
41.1348
56.6731
44.6262
41.7162
36.27
47.0297
43.4514
35.0439
41.3208
39.1421
44.1619
40.1674
38.4894
49.7359
47.8142
31.6438
40.041
47.1845
55.7272
36.7705
47.4291
38.5797
42.086
50.9421
50.132
45.6167
50.5834
54.7121
49.8585
48.2567
45.273
41.152
40.8903
39.2507
32.2959
48.7153
60.6414
41.5499
40.0053
51.093
48.0245
40.112
44.1497
42.9912
34.4103
35.022
48.9485
41.5753
55.9523
40.9364
41.8136
46.1086
42.908
44.3652
39.2141
49.0724
34.6081
61.5346
40.3985
33.4134
37.2082
37.7622
38.913
41.0677
46.0823
37.314
49.7433
48.4347
29.1334
60.9072
43.7882
44.5084
47.9865
37.1978
57.7167
48.4993
49.1997
43.5781
43.4253
50.6376
61.1161
31.8473
41.8436
39.7953
44.4599
53.9298
32.7981
49.6197
36.3134
28.6517
54.5748
42.773
50.2415
39.3387
34.7831
55.3983
50.9534
37.6401
42.3423
44.155
54.9073
39.1167
39.374
35.4275
31.8521
45.3365
33.3261
43.2157
40.9423
42.504
45.7966
54.8781
49.6307
44.7973
46.4325
38.0833
45.4696
54.6642
49.0833
48.2425
39.7464
58.278
43.9356
54.8703
40.1696
32.4175
44.2087
54.0604
44.9219
32.4917
43.5511
48.8436
49.7541
63.4122
52.8166
38.6998
37.0417
37.7317
66.5166
38.1222
32.325
53.7254
48.1168
59.5586
32.7229
36.8309
43.2922
41.0643
28.8779
38.8758
46.9708
33.5794
35.7228
38.5385
49.1547
36.9671
39.0607
39.9124
57.5672
49.4566
69.4351
61.0605
49.1202
45.2864
42.7108
52.4053
46.5656
39.1663
42.6158
47.9303
52.4307
37.7183
48.1033
43.1934
52.3907
55.6949
44.7445
48.6365
46.5795
59.8161
41.5902
61.1962
32.2904
47.913
37.0379
31.7531
38.7377
45.8541
33.632
50.0429
35.7649
59.1458
40.9349
53.6576
42.0481
42.6699
53.5369
50.6524
42.7405
48.4929
47.6505
45.7338
53.7066
48.0085
53.4893
46.1012
54.907
47.4731
46.8105
36.2638
42.4235
37.716
43.152
34.5674
35.0659
58.9044
41.0782
47.5704
41.5948
44.8859
43.2522
36.3244
51.317
35.2596
58.4584
51.6207
50.5011
39.8355
44.2735
52.2955
43.5413
47.6443
48.6719
38.3242
51.0295
55.6707
36.9845
57.8468
48.8494
47.2601
40.6455
58.025
37.8987
37.2013
48.0493
46.1231
32.1237
34.3349
52.9857
46.3209
45.3088
52.8358
40.4585
37.7707
43.4022
37.8392
60.8924
49.7925
30.0544
37.3684
49.8063
48.3004
39.2751
61.4289
57.7574
37.865
45.4929
35.4142
43.5446
50.0356
67.0172
47.1397
43.7493
45.4253
37.6951
49.146
49.897
37.9954
36.8448
43.5963
41.2955
37.583
38.5587
44.341
42.487
43.9421
49.5233
49.3241
49.397
35.7972
47.7243
59.0682
41.6779
33.1981
47.2567
44.8334
54.9854
51.6092
25.9741
54.5516
54.2374
37.1868
53.4918
45.1968
47.6523
40.1871
38.2596
49.2097
34.4531
81.2855
49.906
42.3413
49.4835
53.1735
47.4152
43.9503
51.0142
42.6261
34.7389
48.9965
37.7515
47.8824
28.5617
54.0193
40.7519
49.1632
50.6634
40.2597
48.6961
39.1332
44.949
51.46
41.782
46.6846
53.5646
49.1725
36.3847
40.2548
38.6041
39.7458
37.8737
50.2676
49.9666
51.4761
53.3875
48.6714
47.3609
58.2592
49.6108
35.4478
50.3213
43.3227
36.0954
48.6533
51.1116
35.7412
37.6983
35.9485
61.4388
56.5385
41.5098
56.3254
49.2483
47.4399
28.7242
42.1776
47.7353
44.8362
58.7606
54.171
48.2065
44.4486
40.063
44.7154
48.6303
48.4784
43.2244
26.1003
52.4589
50.7962
34.5242
52.2209
60.6772
40.7654
44.3729
51.4592
46.6343
37.62
43.9849
57.4506
39.2686
45.2783
48.0706
54.1581
51.7097
38.6102
35.539
49.7811
35.4469
42.1231
46.9762
41.3547
38.1719
37.1288
35.4536
40.8146
59.3093
44.6051
54.4306
35.5772
54.9366
43.738
56.7184
46.7037
58.7605
38.0127
49.9151
48.7025
41.5605
36.5169
51.0636
57.7241
57.6142
46.5657
37.5012
25.891
41.9527
45.8565
43.514
45.4003
43.8496
45.5083
53.33
53.16
41.7035
46.7638
45.5431
43.3961
44.3749
52.8277
50.3506
35.1827
53.5287
44.264
42.9943
37.0566
51.9183
53.2523
54.9413
36.5886
35.8885
43.0023
49.9053
49.2132
35.0027
35.3409
54.4388
44.4414
46.6953
46.7387
50.6023
49.3776
56.2374
51.5222
35.6859
46.6689
39.7146
44.7543
39.7115
44.6791
51.9556
39.6331
49.5433
56.4711
46.1242
51.9339
49.8748
52.8693
49.6722
48.603
47.8996
56.5785
46.1807
45.7188
50.8269
58.5996
50.7964
53.1498
37.9689
44.1583
48.421
58.7605
31.7667
44.4333
37.0808
39.3444
38.9561
38.8216
45.6835
38.6176
54.546
27.6757
57.0887
40.5554
52.9908
28.647
52.7646
37.7436
50.6153
50.7397
48.3599
40.6561
27.2447
48.6688
45.3338
62.7274
40.2292
39.3171
63.3822
43.5894
45.9809
50.3372
49.9293
47.0668
38.5864
51.2893
42.2383
56.003
35.0357
31.2874
37.0535
46.4525
57.5268
37.2655
45.8786
48.3601
31.9555
40.5316
50.9145
44.7751
39.5088
40.1952
38.3312
25.2313
39.1549
39.2885
40.6657
40.9717
37.9718
51.4084
30.1413
36.9283
42.0462
46.9491
44.0364
44.4037
53.7094
32.4545
44.5465
48.3914
37.0232
43.1508
57.6312
50.1244
41.0049
46.3421
45.3087
54.8528
42.6508
37.2037
29.3338
49.945
49.6833
55.4154
47.8352
55.0919
42.2091
41.4156
43.3571
38.4847
37.9927
51.5892
44.9759
35.7355
49.8096
49.5998
40.6128
49.9565
49.7422
51.5617
34.6595
30.7926
48.7814
39.0536
49.1935
44.8277
56.5129
46.1461
50.0554
40.2651
33.7087
41.0188
55.7434
37.2079
49.3462
36.3025
36.0829
49.2225
53.6328
36.8389
36.3017
37.4157
41.962
48.9657
31.7302
44.8557
47.5908
60.99
33.7242
43.6691
49.4234
46.0011
45.5618
44.2957
45.215
39.7111
50.16
36.3217
50.8041
42.2287
48.6905
51.3197
50.0846
48.2651
52.0189
46.1988
33.1275
40.5828
37.9486
58.8217
40.7039
32.0858
50.7711
45.675
41.8091
50.6329
43.0561
49.8813
56.0883
50.5516
34.3759
27.9203
55.1682
47.5706
43.6251
45.8854
53.8928
48.8827
41.4512
40.9846
44.0486
41.6706
48.3353
42.5653
37.8526
54.1674
63.6489
44.1406
39.4139
36.1146
42.9688
50.7772
47.8813
48.4145
62.051
50.105
50.2939
46.4866
43.8331
37.0763
48.569
50.9922
39.814
39.9607
44.5686
52.4327
52.0013
47.6018
56.5902
46.8102
54.9052
51.4478
42.216
39.272
40.8532
56.5298
58.6622
43.6365
43.2317
38.138
50.7334
37.6147
41.1851
35.2053
38.4974
42.9942
41.632
48.0801
30.5893
49.7407
42.7102
32.2871
47.2221
45.2986
47.7472
47.5429
34.138
62.8925
29.4872
50.3271
49.7387
57.4304
36.1788
34.7632
45.9426
53.0986
55.3519
44.1002
58.934
36.9951
46.3219
47.521
55.5362
51.052
37.9131
55.232
42.913
41.8706
52.3503
45.95
41.445
49.1924
41.5755
49.3477
49.523
35.3054
41.6076
37.3369
33.6571
38.0794
44.6905
51.9379
48.3379
38.4767
44.8867
49.3687
31.7807
47.6466
41.9193
36.6792
49.3908
35.8097
55.4539
49.5417
51.6554
42.0934
53.6506
53.6365
43.5382
41.3638
60.7993
41.2143
35.6992
50.2229
41.7363
33.8957
42.3826
54.8054
54.5029
47.3708
46.163
46.1691
47.4227
46.7129
40.5541
54.2011
48.5564
44.9225
48.8898
32.5739
46.6365
48.4458
50.0464
46.3083
41.353
56.423
43.8571
48.3466
40.3945
49.7436
47.085
47.194
39.3094
47.9722
35.4738
32.5838
40.0604
46.9946
40.7378
44.1816
44.4744
48.3583
54.9848
43.4387
47.3162
44.2503
49.4311
42.5803
43.6018
52.2938
51.2931
33.4914
50.4373
25.8632
47.6261
39.5409
48.2293
43.8065
41.1988
43.7342
43.3739
58.8572
38.2108
56.1985
35.3552
41.7483
52.9839
43.2377
43.1132
35.2072
50.2496
52.2714
54.6029
42.7041
48.039
48.8148
45.8489
47.7616
48.8747
59.1029
48.0677
51.558
52.4789
52.5458
37.951
41.5041
42.4577
48.1493
51.1035
47.4462
41.8649
50.7086
52.614
47.2104
57.4233
61.9157
35.5477
53.3074
42.6491
46.7894
53.2962
45.4366
41.1219
34.2311
43.1932
44.9816
43.6419
38.3166
38.2923
58.743
46.8053
43.2182
32.2812
28.9742
40.0096
44.5761
43.204
36.2852
50.0754
45.7727
44.1418
54.0994
50.5447
45.4408
44.1585
54.2202
55.2301
49.9661
53.9882
47.4736
45.1211
44.433
44.3225
44.3564
35.3863
29.6919
53.5135
41.7929
41.367
60.1255
33.0665
50.7013
40.5582
54.0178
59.2305
43.9743
53.6251
41.7746
44.5543
39.6607
38.9129
43.3757
50.0963
40.9923
49.4469
35.2524
44.7672
59.7745
32.0065
42.3768
41.4702
44.4423
49.9595
52.9851
43.4145
35.4037
50.2181
39.7469
51.4258
46.284
28.6433
49.1951
41.1209
43.5747
43.6405
50.3142
61.1164
41.2045
38.8049
54.7522
34.4761
40.158
36.3151
56.9801
45.1874
41.9515
50.0138
44.2558
32.4979
43.9061
41.7682
38.9502
47.2405
35.9631
46.5285
39.957
38.9286
38.641
45.298
41.5104
45.5549
36.1917
40.5318
44.6941
46.5675
31.1541
36.4134
46.6474
50.2566
52.5264
46.5265
43.82
33.82
46.7034
37.4718
58.9445
45.0403
40.0809
48.4265
39.214
44.9391
41.9597
52.9228
46.1186
42.9356
30.5131
50.4068
47.8858
36.0346
55.9332
47.2368
47.5398
41.7302
35.8887
48.2699
49.0392
43.3668
31.1929
56.6651
50.7629
44.8161
41.9181
40.4288
55.8521
45.2884
58.5987
45.2119
52.8288
47.1236
33.5706
41.4122
40.1072
56.1675
49.4813
47.0338
41.3788
34.4421
42.3871
44.7353
36.9217
46.2766
42.283
54.0567
48.0463
42.1625
44.9736
51.9926
49.8561
46.238
47.0015
37.4661
41.2995
50.8868
58.651
58.0247
41.2894
40.5688
47.5841
43.2141
42.3876
42.2116
37.7642
39.6369
34.9387
47.6431
50.3337
45.6389
57.2757
48.5962
35.4278
41.7313
27.3636
53.2829
34.5898
48.2589
53.1606
53.8755
43.2349
47.7695
48.5222
47.2101
51.3553
50.245
52.4815
46.286
43.9558
52.3223
36.4883
53.6836
49.0594
45.6712
34.9656
50.7408
36.2445
43.9641
48.9058
51.9848
62.0943
60.341
46.5947
44.1057
43.809
46.7416
56.4204
37.1037
47.2927
47.5968
42.4935
43.6567
43.806
47.3242
51.3881
49.9007
35.992
52.7247
43.4718
37.7773
41.8151
51.6778
51.5523
38.2006
42.8181
48.9816
39.8195
57.6883
52.1435
34.4184
58.2214
59.9273
38.4162
45.8824
27.3455
50.9924
36.754
30.534
42.4175
44.3359
49.185
61.5713
37.7443
54.5657
44.3201
42.7375
47.8902
51.888
39.7218
46.3448
44.9846
50.8769
41.7039
42.8668
44.7022
45.9052
39.5101
33.9733
47.1923
42.7212
54.9549
62.4532
43.5768
40.0252
51.5943
40.3096
56.7954
48.7541
37.6608
30.8736
24.9285
34.4576
48.4857
55.7364
45.5488
63.6818
50.2519
45.6099
41.929
43.5438
47.9473
38.636
37.6509
45.6663
52.9899
58.3485
61.0635
54.994
43.8634
40.6678
50.6235
30.4445
49.4211
36.2455
32.9282
46.1356
61.5669
54.6105
34.8604
42.9845
40.9001
39.4236
44.251
56.9953
51.8397
48.0057
43.3373
45.1578
41.6836
54.0226
28.8089
36.3709
54.6808
42.1485
40.4274
53.901
52.7139
33.5636
52.8015
42.4505
45.096
31.4461
35.3758
36.3476
52.1577
46.8213
38.0891
43.7236
47.3405
46.669
45.3719
59.1835
37.0676
48.8627
47.9088
45.9895
43.6455
49.9458
40.3215
33.9338
35.1761
48.3314
37.2811
50.6356
40.6739
45.056
35.5112
58.2956
47.1581
48.3282
47.1445
40.5654
42.5845
44.8689
46.9596
44.1968
40.0609
50.8677
48.3693
50.3226
41.9866
59.5377
60.682
42.7024
54.3004
43.629
37.6466
44.9645
52.0022
33.5874
44.0003
45.244
40.5383
58.2526
29.9435
34.6412
36.4108
64.1774
51.7825
39.4292
45.0761
47.646
45.6761
55.6879
36.8998
48.3956
41.3337
45.8075
46.1842
47.4894
44.3969
35.255
50.3142
44.4153
44.9353
41.82
46.0429
43.0788
41.8366
45.305
40.6914
30.2524
60.0694
43.0386
34.3212
49.3506
43.1643
33.399
41.3141
47.4428
41.8546
44.7394
45.1382
31.6494
60.6022
36.7026
61.06
35.2579
49.9411
48.3135
42.6605
51.1998
29.7799
49.8618
46.4782
52.8201
46.1484
56.0741
40.4148
59.3807
51.9517
56.9602
49.5163
42.0374
46.0614
46.8835
34.7127
30.0078
52.1078
43.6384
43.5462
38.8515
52.7339
53.6474
52.9719
52.1659
34.3057
56.464
42.9036
33.5707
45.9733
35.1471
35.8223
54.7839
48.2111
27.8514
43.107
59.0959
43.2348
46.5926
59.057
42.6539
45.846
67.1203
44.4215
39.3066
30.722
54.7744
45.061
40.6128
46.6416
46.5053
61.1782
44.9717
54.7784
50.985
55.3099
36.7224
42.7651
45.2081
41.2241
38.8043
50.0109
44.2668
57.3964
46.0786
48.1274
45.1792
38.9265
43.1636
46.8202
50.6651
51.7514
49.1041
42.4095
54.0867
41.0853
45.5813
36.7932
46.1006
41.8653
52.2834
37.1681
40.8663
48.5591
43.5319
42.0465
54.5418
48.1666
41.987
53.235
52.7421
44.3014
48.9639
45.8881
49.3755
49.4035
53.1055
50.6429
47.0568
53.2478
31.9827
46.3903
35.3787
46.2383
37.0826
49.8832
51.4464
51.8919
51.3287
61.2822
47.7871
51.2228
39.7907
49.7271
38.9511
39.0075
40.4547
50.9483
48.8688
47.3696
38.6597
45.8091
57.6077
43.4264
36.7932
38.3027
47.271
32.8295
44.2844
48.8103
43.1513
57.4988
37.8015
42.7208
58.7605
50.7819
38.1048
50.3211
41.544
50.0076
52.7671
42.4477
47.257
52.4883
43.3135
56.1713
40.7411
63.2647
49.0825
42.1778
39.0708
44.3023
44.8138
46.4209
47.4355
54.0483
39.3697
38.8572
52.821
47.7408
38.8317
44.3781
37.6806
48.455
53.4325
43.3548
41.6365
65.3959
58.7461
28.8322
45.8746
36.7013
43.0594
58.9704
39.0239
46.1142
34.3896
41.1685
31.4826
46.8371
49.0533
39.7846
43.4496
41.0936
61.1477
42.784
31.5899
41.575
41.0161
43.1739
35.5824
48.0678
52.4282
44.0013
44.9278
45.6598
38.7127
34.9589
46.5292
37.5338
44.4139
46.2418
47.8898
53.7246
35.8584
35.1148
43.5485
45.5554
63.5628
52.5019
27.3221
46.7983
30.0645
42.944
34.8154
50.1948
51.5011
30.234
42.5236
32.4489
28.3976
49.4485
53.4097
38.8645
41.6835
59.1559
57.4074
34.2766
49.6248
48.6144
63.8174
48.8026
33.5351
43.6541
41.8788
51.2946
40.105
50.0829
49.7099
44.2688
49.8417
37.9043
42.2768
44.0739
36.066
42.5772
46.1439
55.1947
55.7328
49.7358
41.9291
53.3829
34.6121
52.4138
40.4814
57.0097
53.9219
45.4477
52.9848
55.3111
43.5704
48.1015
41.6488
37.8305
47.2975
37.2636
40.3852
54.2726
35.6233
37.9986
53.1463
40.7506
42.1779
53.1175
38.7922
39.7471
40.4577
42.399
31.181
41.8616
44.9442
64.0385
46.245
37.5848
56.1063
55.0205
44.9217
51.4919
50.8192
34.3664
43.2708
42.7149
48.0805
47.8816
44.1056
35.8842
38.8636
40.5638
51.6468
45.5022
48.2245
35.4756
51.4442
55.2148
50.0117
59.4556
42.4348
50.547
41.5492
45.7182
44.4706
53.5899
53.182
39.606
36.6709
35.5733
35.4
53.9007
45.523
53.3617
43.2962
42.4628
41.5655
40.2342
40.9263
47.9207
39.7274
44.8766
39.3331
43.8172
42.0037
47.2698
39.406
59.4088
53.747
34.7212
40.5236
51.1137
34.0877
49.6135
34.1113
49.3813
49.5075
54.4666
34.809
45.3951
42.1983
33.7229
47.6098
54.686
50.0771
46.2207
51.0017
34.544
29.4154
36.9017
41.4741
37.3445
41.473
43.4494
25.1932
31.483
37.6475
52.47
51.8304
42.6064
48.326
56.7682
41.5489
64.8497
34.1497
43.8229
42.3686
44.8297
47.2029
35.3295
37.9319
34.821
34.7462
49.8463
48.1533
41.5662
59.9196
54.1785
46.1189
53.0351
42.2162
53.748
39.7213
66.3277
40.4382
41.2208
53.2533
41.1679
48.3436
43.0062
39.8077
37.1694
53.2045
33.7714
39.2771
44.602
36.1211
42.9574
52.1151
44.4699
48.504
54.1921
32.5125
47.596
41.5732
50.5558
43.1091
34.5388
39.8596
65.0645
43.8511
50.8336
33.563
49.8857
47.084
38.8804
38.536
44.6873
49.3764
48.2937
39.495
53.4051
37.2478
54.9504
46.3128
43.6593
50.1483
44.6239
38.8715
38.5992
46.9123
47.3583
52.2644
41.1656
38.2824
30.7618
37.0908
34.9779
51.1527
49.158
34.8883
49.0737
36.1793
45.5442
42.8239
54.1889
29.4103
61.2317
38.4791
47.3687
40.5758
51.193
44.7715
49.1533
54.0249
57.8159
49.6935
43.5463
50.2389
48.4288
62.9756
51.8962
41.6164
57.4446
44.8024
41.9823
44.5359
42.4418
47.8191
42.3158
50.8621
34.1145
44.3364
30.7151
48.9036
57.4993
39.7157
46.0666
47.4639
46.3236
40.997
54.0558
40.2053
55.2709
47.788
50.0593
37.6546
32.3783
31.7612
34.9161
56.9303
39.7488
41.5203
41.506
56.4929
46.8952
64.0489
58.6491
47.9807
56.6302
49.6678
37.6617
54.0485
46.1765
49.4005
38.0916
39.0919
67.4384
36.7633
33.0332
45.5904
42.0008
46.185
39.3097
46.0011
39.4015
49.4867
54.9755
38.1235
40.4752
38.581
44.2013
39.963
39.9175
59.1102
53.6442
51.4755
51.633
48.9727
41.6617
37.7659
33.094
43.1573
57.8017
57.7446
40.289
43.2065
50.4788
39.5206
51.758
44.1114
40.1902
50.2067
53.7969
51.1325
40.0476
43.2554
49.0243
47.1258
39.0307
40.459
56.1263
47.9557
40.239
55.2032
52.1818
41.9193
50.9541
43.8863
38.6103
49.4281
38.8868
52.1099
40.2747
51.4331
45.9817
60.5781
47.2868
51.1568
40.593
39.6935
37.6155
51.8107
35.4402
55.3187
59.6098
36.7112
32.5226
59.4704
58.8539
43.4024
43.6082
50.9397
48.7147
50.5263
51.4072
47.2077
44.1576
43.5742
51.3264
46.2764
35.7242
48.8636
49.1397
53.0063
38.9985
49.471
46.8832
42.801
41.0866
30.1386
54.8574
46.6648
50.6437
36.8129
29.2265
37.4647
39.8342
50.6632
33.6477
32.5506
46.4201
45.5439
48.8665
34.9035
43.3157
51.545
63.5246
46.3992
48.7636
60.7893
49.2265
47.7125
43.997
40.7078
26.0779
50.2885
65.6603
37.5461
41.8651
52.0607
52.045
38.5431
55.6829
47.7213
40.5153
42.5948
39.3467
27.3202
43.5872
51.4405
50.448
47.6222
42.4761
49.8264
41.8051
39.3486
40.8415
44.5662
46.9135
46.8537
33.5895
56.4101
36.0169
34.5836
42.0308
48.4157
44.9428
30.4432
38.8312
40.2193
34.5365
44.8533
52.7187
40.8938
43.5767
51.2762
50.4138
49.8676
53.0517
50.3812
54.4196
51.6227
57.4432
44.9886
48.6103
55.9961
55.9851
50.1775
55.9848
25.3426
43.1826
54.9523
46.9926
39.8129
58.4844
41.0139
46.0968
39.4081
43.7521
56.7788
47.9173
42.0555
39.6933
46.5752
43.3435
49.9545
56.5824
56.3253
49.189
40.4262
53.942
29.7478
49.7509
41.1091
43.8926
41.731
48.2322
51.267
42.3228
43.1235
52.4231
60.1491
32.2296
68.6799
49.0672
44.2276
45.8304
48.6623
47.1343
45.3596
47.7126
47.1978
44.18
57.9178
42.0551
41.2065
37.2795
39.0971
53.4178
46.1495
51.1346
33.7704
53.189
62.8949
32.2268
40.975
44.56
52.4819
41.6722
43.9243
46.3402
45.7538
32.3532
44.6529
47.0664
40.7192
39.0106
49.0545
51.2256
43.5184
51.9276
43.3856
49.5948
24.4041
45.6734
41.2703
50.1047
32.9534
50.5519
29.8043
49.8069
38.9632
49.2359
42.879
39.0532
47.6216
35.8619
