


































































































































































































































































































































































































































































































































































































































































































































































































































































































































































































































































































































































































































































































































































































































































































































































































































































































































































































































































































































































































































































































































































































































































































































































































































































































































































































































































































































































































































































































































































































































































































































































































































































































































































































































































































































































































































































































































































































































































































































































































































































































































































































































































397.924
-313.673
-111.588
267.442
-217.084
-756.59
-135.374
-285.308
-112.333
-318.781
259.086
-110.835
307.558
-243.465
158.181
-8.97458
421.026
-359.166
32.0853
173.986
72.146
26.9085
-86.243
-479.011
142.672
-168.239
484.391
-500.12
-61.4463
-277.168
-58.5799
235.598
38.9961
-117.281
-41.6819
-112.964
261.902
-210.542
-74.1768
181.44
-224.576
26.9472
359.511
170.664
291.382
26.3438
141.1
4.54964
143.173
-122.782
-90.9757
-531.223
243.421
-106.358
83.0417
-43.3949
504.634
-27.9509
28.7107
239.97
-358.683
263.695
-111.739
329.993
626.989
-681.841
-405.029
-101.858
112.303
-27.6747
-513.31
136.069
-146.328
386.532
-415.431
319.261
-259.24
-76.3588
73.4693
-66.8738
158.297
-86.1257
5.37072
89.7857
-346.125
294.921
-627.713
-109.775
54.5973
213.738
454.094
187.101
170.24
46.2489
291.365
-37.6727
-31.6821
276.49
414.989
-117.364
-36.4001
352.614
-101.223
60.8448
413.777
-401.595
89.7953
-273.422
193.624
509.08
-267.843
-204.941
-226.141
235.393
-431.45
-80.8941
62.1963
191.429
298.882
307.735
-46.3924
-502.431
38.7849
165.234
-403.203
127.543
-104.685
-109.751
36.7599
-242.948
547.374
-88.9767
-83.6989
24.7539
-21.1165
6.00758
149.381
220.381
-383.443
-216.299
-77.3869
456.117
-419.749
79.9122
5.02487
249.876
-22.7165
-154.645
304.69
-19.1379
-3.85615
-418.248
-337.162
32.44
427.565
53.1465
-84.3829
58.4169
-122.611
106.398
-300.671
-129.576
-444.372
-28.3304
-372.825
56.7512
189.079
381.675
-18.6234
-675.77
294.297
37.0995
-634.538
-273.276
-70.5139
58.7493
14.4315
-430.156
-71.7101
79.6764
-338.561
-435.628
-1.80856
-37.8565
-211.392
-463.983
-31.1527
259.912
-132.876
-559.304
83.578
131.705
-406.638
218.12
31.881
562.496
-435.898
-62.1062
335.783
-276.984
541.83
498.25
-312.976
-54.1172
245.492
75.4956
316.861
60.6693
-218.871
206.565
444.498
413.464
-346.098
-241.34
247.761
-103.326
262.451
-3.62566
56.6748
61.6192
-42.9271
57.6976
-621.701
262.406
-376.371
183.762
484.709
-96.3473
-140.788
-524.297
41.3888
-641.285
-504.663
-227.978
-12.3347
38.6705
-388.3
-62.7494
81.2034
193.899
-172.868
-3.69068
-108.038
-47.1007
-69.5893
265.414
123.147
72.924
495.858
53.9594
-150.283
-101.838
-174.691
-16.2366
-499.205
-271.259
172.516
308.219
-226.803
125.627
-354.566
174.608
322.436
41.5609
-131.851
-179.514
-198.497
-259.972
30.7183
-322.158
275.747
-100.173
-228.268
-191.123
64.7732
-191.49
264.378
434.144
181.355
-374.286
416.044
523.537
-96.6103
-150.072
37.3306
-11.009
57.934
406.206
167.25
-697.97
360.597
316.131
-104.703
-27.5302
197.905
199.794
121.196
-8.58308
292.19
4.06906
-306.992
-151.46
209.682
-184.439
-104.39
225.483
407.268
-14.8048
91.8141
67.6784
31.1713
-81.0787
370.341
-277.338
392.155
-266.197
-99.6972
-235.061
182.548
316.701
-9.91604
707.204
-3.28236
-639.157
-119.317
-113.615
-422.037
506.459
269.165
134.017
-60.0133
223.326
-2.16788
183.445
-76.2712
-212.269
109.632
193.692
25.6021
-116.485
-131.812
-209.711
47.7058
-368.119
-79.5873
186.775
190.185
-142.679
247.054
443.372
-775.884
471.54
343.388
254.264
-155.112
606.093
-314.321
-481.594
167.882
69.8227
328.058
99.3707
-308.964
104.98
-151.812
-231.017
219.486
319.898
104.805
-116.86
-529.549
-355.795
38.5585
-167.9
-70.7241
-97.5536
-216.01
-249.213
-459.458
-414.782
-583.831
-123.299
337.726
-293.953
-3.34608
198.388
-222.594
-502.971
186.195
310.81
103.436
-76.3046
248.056
75.7519
-126.274
-401.601
-89.6336
211.834
-151.388
283.402
-320.76
-46.4263
235.159
115.433
661.918
63.8157
-38.658
-195.801
-120.959
197.596
-3.21239
-48.5528
481.943
109.876
-146.387
-102.845
-24.795
111.8
-64.8809
79.1246
273.005
-167.464
-215.144
-456.456
-192.731
248.662
21.5683
305.941
-68.1256
-79.2487
66.4262
116.476
-134.438
-217.141
535.574
83.8719
-168.391
88.0322
-527.698
27.7463
457.535
-92.485
99.6755
-222.446
-324.08
87.022
-61.6052
139.935
-395.191
-161.719
354.677
-108.386
-125.662
-16.6841
185.855
-286.073
311.398
109.507
96.8111
370.215
384.404
-189.975
-81.9152
271.552
85.1966
-176.546
-509.924
40.3873
-52.758
222.645
445.667
-84.0584
-46.6204
-116.696
57.2374
7.80441
-25.7286
372.031
129.935
196.329
181.343
-86.8595
54.2465
26.0632
-164.062
250.798
-94.6853
163.108
-77.7623
-138.392
-41.7089
68.7316
-189.104
-735.71
391.679
340.831
-162.425
436.042
-219.824
-0.803799
-200.707
-121.282
-15.2576
236.798
-419.849
38.2146
115.2
85.4779
-546.466
313.286
-487.575
7.27801
268.884
-306.769
7.4327
307.088
308.159
291.595
44.6218
563.049
-127.587
-263.747
89.4901
354.496
-29.8079
-129.012
-413.033
-52.7894
279.187
187.026
-64.0895
-202.618
-277.045
-230.116
-627.151
-298.217
555.21
49.3798
-231.871
454.893
110.256
-72.7067
243.915
144.084
-217.765
-84.5419
-97.2244
74.4273
283.71
622.204
-47.9937
-648.801
-135.273
-373.498
6.22829
429.136
-451.727
59.0196
192.989
76.5628
-205.233
97.5043
104.471
0.756692
99.9296
374.03
211.515
-397.998
297.7
274.657
215.555
-470.811
-24.007
489.628
152.616
-113.029
-129.858
407.428
197.676
-466.108
-195.768
185.492
694.586
-350.824
75.6302
-402.936
108.86
88.4925
236.8
-93.0501
240.042
-929.41
-84.27
42.148
-21.5298
-284.88
-74.7126
147.327
139.151
-74.8239
-602.574
34.9637
407.212
-101.04
-215.506
103.85
-227.121
-214.74
-23.8951
-133.362
24.1967
-479.675
-8.72752
-56.8287
66.723
315.446
170.007
120.211
259.545
59.8148
2.20799
-38.9894
-233.835
-27.9251
-251.877
287.091
-153.476
-285.287
101.809
43.8113
146.735
482.865
414.102
-282.799
-30.7926
162.269
-52.7146
-414.533
376.664
278.537
-151.937
312.389
-201.375
363.617
-59.6483
-126.718
-377.282
122.42
-35.3291
-177.717
-58.8646
-44.8423
452.368
44.7351
-202.045
-20.7878
409.447
-96.9017
-196.452
-554.819
-172.515
133.236
-50.4704
-574.04
78.8465
-77.8755
387.74
-73.6076
-387.681
146.835
266.274
-278.578
672.607
113.635
385.52
204.77
-301.672
229.677
162.478
-10.5065
227.51
24.3026
-152.875
-129.25
101.793
312.853
234.694
438.617
-61.5082
-206.406
283.469
-58.9242
-199.637
-241.882
98.7743
15.989
-94.3892
-85.6005
-290.645
-313.962
-497.983
-166.409
120.844
46.213
-191.169
267.228
-80.4395
-145.666
402.475
240.639
8.51705
-98.0675
174.86
-220.322
449.406
-220.764
225.76
-197.211
171.725
-228.011
-123.045
-43.4266
225.427
-161.808
213.127
-52.7082
-213.199
-216.546
-51.4233
388.156
50.0621
-426.113
296.654
-305.704
461.274
288.7
255.418
-37.9136
93.6728
96.1564
329.442
254.588
150
143.826
-229.149
-371.602
166.007
785.096
163.848
74.9926
-295.497
-314.51
183.961
-170.797
-131.22
201.964
199.091
-229.07
-555.558
52.8787
407.424
-251.363
104.689
536.161
-249.575
132.667
-763.98
53.0361
-320.9
-25.7466
285.308
212.579
45.8406
392.141
-255.426
195.399
4.45957
148.557
125.047
-68.8573
138.575
-16.7986
271.582
157.103
-186.775
224.715
288.424
-132.529
66.5098
-135.031
236.537
187.994
97.5911
-268.379
27.3881
532.949
428.027
58.1411
-161.536
-131.109
-89.7845
-47.5455
3.46011
-9.75496
-427.444
518.695
267.358
629.393
0.262525
-76.4443
53.1813
-338.767
288.644
251.482
351.373
127.225
-3.90343
-400.236
-68.4201
-92.5102
-301.777
175.624
56.3787
133.31
-323.901
310.271
75.6381
-40.173
-30.8994
101.86
-6.73814
313.729
-369.458
17.2001
-334.395
249.199
226.67
499.748
298.133
270.142
330.826
-133.753
-122.816
87.3556
-134.326
43.0682
123.711
-352.845
656.677
319.303
104.749
27.0789
79.9543
83.6887
32.3674
269.83
428.966
-44.3924
-190.873
432.041
-457.201
-621.596
306.987
0.680289
-79.37
458.776
291.407
105.931
-198.782
-100.256
163.025
-64.8515
-439.802
155.259
-114.077
-203.358
255.291
393.649
307.705
369.181
51.3856
253.574
207.279
-33.9027
-373.332
96.5485
106.086
-397.816
167.538
-74.6463
509.947
131.307
760.837
67.9683
175.281
34.4424
173.066
438.327
-155.207
217.483
-530.368
291.969
99.4731
26.5284
148.736
-82.2708
40.956
-97.154
-17.6854
41.4104
354.402
90.8915
-517.965
-286.821
-26.3424
-204.811
-64.79
114.948
-202.182
241.71
354.868
53.5535
-137.194
-157.014
279.905
417.243
416.304
-510.578
144.583
230.258
284.401
-205.166
-57.3348
-67.1331
315.302
-519.824
-169.453
-268.287
-149.644
214.106
64.5251
-255.455
38.4166
81.1231
-148.16
-20.6549
381.537
175.449
-66.277
281.492
62.8956
-227.089
-346.355
-96.978
-452.417
68.1133
162.236
385.169
-196.627
294.595
-234.121
117.163
77.6791
414.158
347.397
-65.206
-127.94
177.317
-14.1781
-122.928
-12.0436
10.1326
-155.821
43.8166
0.168789
-195.611
-216.252
325.822
375.68
-45.8047
383.091
-261.867
66.8365
0.686607
-188.782
-116.141
312.101
154.633
-317.144
-521.344
-404.283
308.26
-316.803
217.641
-337.654
490.564
304.218
94.2578
265.143
268.775
-167.018
192.511
-397.368
-409.647
-326.169
68.4608
-127.226
-49.0967
-672.8
-126.793
24.1495
149.544
201.018
12.1026
-295.26
25.4106
150.781
-337.606
96.2358
-17.8735
72.3498
60.4313
371.325
310.942
300.92
-124.74
-21.7203
157.732
51.7417
64.217
161.309
158.881
3.74849
-21.242
342.844
135.371
84.3215
-7.77266
150.639
330.199
-57.4685
289.329
-217.091
268.975
510.186
-108.167
-162.345
173.029
3.54896
185.631
322.823
-138.004
44.3766
-284.962
-336.508
75.1865
25.8861
239.532
125.425
-256.314
374.211
336.417
588.697
-16.4213
70.5327
28.0858
303.433
134.752
241.219
-392.519
197.069
-400.444
64.7245
-296.762
-6.16571
34.0383
369.595
-519.568
219.564
-30.9408
-135.967
-452.697
157.585
181.023
190.231
-713.736
-11.316
80.8339
-205.687
164.986
-439.631
269.117
175.179
304.404
209.957
-217.547
103.065
-62.2805
276.998
602.489
-383.855
-5.55444
-117.155
405.12
-67.844
49.0607
-65.6464
-591.628
10.4693
-49.251
-110.506
189.591
360.904
205.284
70.3865
-66.1369
498.454
360.821
-191.495
406.614
37.0796
-170.572
22.9622
-168.165
123.83
247.951
188.884
-475.817
-614.862
161.222
85.0622
-186.591
-53.9856
-418.648
-192.523
133.882
8.93443
-213.906
30.8282
-304.709
-520.21
316.761
155.725
124.626
42.9102
-3.85838
46.5329
-34.9721
-36.5166
150.326
166.634
21.8891
-293.118
257.565
-142.276
142.168
163.646
-199.846
98.2677
-229.24
-125.557
-28.2898
-120.683
-222.075
-47.3252
-297.958
-311.188
320.426
-260.677
88.4992
58.6138
-160.643
319.358
202.284
37.0708
-111.791
-259.102
-28.989
-286.024
215.134
68.1934
237.896
-373.016
559.562
397.32
-335.872
243.824
148.292
-145.559
83.221
-416.069
-433.778
354.21
-113.249
559.1
61.8599
345.608
335.644
127.706
271.025
-409.838
-33.1247
-447.241
-84.7149
-222.756
-299.682
-176.813
-94.3477
33.8559
-144.883
-21.1046
-107.409
667.969
-64.9759
-13.0086
254.387
117.53
209.053
-204.702
-297.366
-105.587
174.149
-163.647
-362.67
266.003
689.971
53.875
146.703
-67.4109
-346.341
236.801
203.979
-263.227
217.638
-477.391
406.081
-152.504
-409.654
-80.58
151.061
-132.282
210.048
-93.3531
88.037
67.872
42.0547
7.00298
9.14977
-197.473
-163.017
-76.6987
3.90179
-47.0839
354.947
335.437
-175.879
-194.508
31.0295
-380.196
-125.287
392.299
350.929
188.902
-193.619
262.637
-187.121
235.953
-160.294
146.05
-361.2
296.463
250.14
128.291
150.977
50.8334
-420.731
203.398
313.971
-217.91
-11.6333
-39.4631
142.865
199.973
-151.197
254.032
428.02
-34.649
208.246
29.3819
-79.6538
-373.664
407.67
144.738
-92.5149
255.509
-113.891
76.9415
-48.6623
-730.418
-368.882
256.825
22.7985
209.3
-242.904
177.696
319.941
-58.4692
97.7131
-348.038
121.786
48.314
-117.911
-4.99891
-173.952
573.639
146.573
46.6975
-343.444
246.404
-116.971
-82.9852
52.2802
32.0452
-113.271
-490.914
164.829
-443.352
245.015
-284.369
393.299
31.0933
198.337
-235.843
320.294
361.005
-401.171
298.85
81.3148
149.881
100.751
84.9655
533.276
114.815
160.277
216.25
-191.163
-88.3798
83.7876
-140.007
42.0363
149.671
-353.161
-568.405
-137.693
43.8107
-223.269
117.125
186.619
311.876
-183.205
238.588
281.985
-77.0595
126.625
-118.133
-2.23823
-432.49
-69.5644
-471.07
23.3965
36.0199
-108.566
77.9903
-99.1532
373.455
-547.504
-21.1758
-231.857
-47.4935
-384.654
424.472
126.516
304.85
220.505
-253.514
296.659
114.555
149.576
79.28
-183.666
-97.2899
-288.768
-95.3074
-166.054
-64.8014
-181.917
-158.554
-73.9689
115.583
204.451
-503.754
-77.1262
185.725
326.943
6.66168
-252.677
-39.1171
233.335
120.374
-238.845
150.499
40.5086
-167.831
246.315
-134.73
226.199
-149.41
101.443
-69.6182
151.527
397.818
-358.019
144.459
327.038
130.258
-71.0912
228.038
-36.9613
441.592
69.4181
103.745
-35.4818
104.345
-577.654
-1133.36
413.475
293.639
353.787
446.769
198.981
-471.009
-237.936
-238.279
153.424
-382.055
-294.54
19.5647
426.338
95.2731
84.0212
-46.9924
-294.733
-28.5285
-12.2846
235.013
-125.86
-278.112
18.7407
-97.8891
206.64
284.632
-583.343
51.2979
-262.287
292.164
-252.884
-429.953
123.065
-285.976
68.4695
7.09578
-166.534
-230.778
-252.094
-98.0931
-400.246
144.434
387.829
-34.1924
-87.2124
302.633
-303.683
-53.7449
-375.043
-267.478
75.4622
88.1681
322.597
-63.172
160.633
335.017
-179.04
-520.782
-163.983
251.504
-133.849
246.454
-32.2741
17.7781
-709.793
435.236
179.223
284.814
-58.0155
-237.234
381.617
67.6632
-93.3165
70.7159
-117.936
555.473
114.663
164.233
160.961
289.278
201.701
-52.9973
95.2726
278.278
-126.693
113.304
-60.2426
347.774
335.345
-137.394
-131.627
-536.022
210.032
-310.48
13.1746
-508.715
340.819
-267.052
-41.0515
72.0143
-354.524
-152.704
51.5242
-430.55
-259.52
219.18
-165.039
-39.5146
458.317
55.9021
-149.152
-62.3374
172.435
86.7142
67.399
-199.052
504.198
77.6695
268.773
299.208
351.459
-139.25
-305.966
-186.426
-251.225
125.475
220.436
276.526
155.608
114.983
-103.698
-31.5165
194.826
292.051
152.315
-205.616
173.349
-63.8891
209.818
238.216
-29.6894
51.2018
-229.464
-13.6662
121.18
-240.037
21.7519
-52.1449
270.582
137.589
-104.433
-295.262
189.814
442.625
203.055
-573.327
-650.601
201.9
109.762
-264.255
-18.8769
-707.901
-408.123
40.541
-106.119
235.993
431.629
9.98782
-500.486
-62.2607
343.597
-80.7492
46.8649
-152.673
-149.696
-356.434
-216.85
-340.739
326.669
-67.1219
-524.132
28.6063
-122.873
419.445
-180.874
154.755
203.126
134.652
288.826
-284.106
-30.6087
154.662
259.03
-60.4944
139.591
-297.719
298.087
-541.09
152.869
-119.02
-79.2298
227.092
-290.563
716.183
52.1178
-138.992
42.8866
786.572
369.403
-167.54
139.203
147.407
11.8727
330.679
332.609
221.972
-601.926
-69.3751
-314.499
-693.703
313.897
3.80899
-20.8369
562.912
246.176
-704.223
59.282
-92.0009
336.586
-397.141
82.72
-425.64
273.777
-63.0633
254.857
-252.714
42.4744
-88.9947
461.615
27.0239
37.1304
-17.5231
218.089
-98.389
39.4162
104.403
62.435
23.9101
371.636
425.738
-128.679
-107.345
-111.407
329.597
-61.6886
-133.928
204.655
-5.77351
-242.277
97.0663
39.3587
-674.715
-15.707
10.6314
169.263
-482.731
-438.88
251.772
-73.3851
419.008
69.8338
32.033
-301.708
-43.904
-82.499
-58.5006
-134.12
-287.798
59.399
252.827
-537.285
-179.334
-235.72
211.924
77.429
-80.8168
486.828
72.6071
-365.662
312.992
33.0263
749.453
172.486
-109.99
239.269
101.012
398.589
121.198
-54.6704
-197.316
-88.2031
-110.699
-5.39921
458.529
6.1205
-218.437
-228.964
-208.691
-89.2874
102.595
-404.93
244.555
-389.018
-431.211
161.9
506.533
-61.1776
-96.5243
47.4732
358.282
175.74
144.155
-434.383
-140.7
-89.3131
-76.4742
63.2857
142.168
224.656
287.718
790.648
128.289
446.072
116.838
481.153
98.0966
334.738
-109.678
44.0263
-76.4768
-31.2411
123.313
75.502
-26.4787
95.4693
-115.59
386.317
-126.686
-39.001
-266.344
-4.64857
-7.13197
-96.5361
262.989
62.756
444.807
-313.185
-82.9094
350.727
168.617
98.116
16.805
682.299
116.749
136.124
381.099
132.019
101.68
-298.917
407.958
687.769
-321.888
73.6776
171.332
42.0312
-24.4025
-57.1829
-114.61
185.2
-15.2779
500.691
209.516
-5.74735
211.644
-376.259
83.9766
197.713
-252.585
-99.8033
-125.739
451.904
-208.319
-206.823
21.3033
-483.558
360.546
56.628
210.9
-69.5148
181.082
-44.1176
162.617
-392.1
202.461
-409.617
104.849
88.1848
274.843
210.813
153.409
-86.9933
137.286
111.597
-84.0517
70.7664
145.411
-80.2574
301.307
-193.817
-158.684
24.2094
84.6686
198.391
184.616
-202.652
113.952
537.3
480.81
11.382
253.415
-203.144
-447.618
-71.6354
164.901
185.608
420.982
-322.986
152.116
78.7692
546.204
-261.104
-87.6615
364.869
-694.35
-229.43
-239.477
-25.1288
147.387
-47.996
-53.9178
450.774
169.14
-182.688
63.2264
-145.743
161.157
123.763
209.306
-301.004
198.871
17.1146
5.33966
460.57
-448.16
457.168
-45.1544
-398.51
-117.116
411.182
-188.241
-49.3848
-451.626
483.588
-440.022
120.089
-20.2532
313.299
-179.775
304.849
-205.294
431.199
817.553
540.6
-270.049
-322.456
226.676
380.001
22.4759
19.2011
-353.837
-176.448
332.102
-113.051
-631.967
116.421
-172.617
247.534
-137.462
400.333
-173.168
-6.65916
-216.942
-19.6834
110.781
36.5372
241.87
41.3459
152.849
23.0942
-142.238
-542.6
408.883
90.6271
221.189
-24.9565
14.2256
84.0001
-16.036
-283.007
-486.711
-196.626
81.0627
-28.6733
-252.134
24.8852
-88.2998
-121.803
196.566
180.459
-185.53
-121.391
-118.175
318.686
7.19546
241.83
195.567
45.5714
-73.5458
298.924
-76.714
-262.208
178.807
309.614
-196.963
287.59
291.059
-360.857
-382.81
-173.281
-307.426
-264.596
-56.8151
-492.61
-95.7085
177.062
270.973
128.675
-16.4477
62.6646
448.629
-121.13
-132.602
-355.163
71.7304
-19.6571
126.393
814.447
-261.233
-253.602
-1.37715
257.223
-305.494
291.21
-0.934187
4.59002
-135.749
327.087
-327.752
-81.5729
40.9162
-474.569
41.7985
147.019
74.8716
1.42105
176.263
17.0195
-86.4337
-69.8571
-163.833
-487.477
-27.3498
-141.899
216.322
-235.446
-65.4406
167.894
-265.431
-196.764
-424.616
277.105
-290.415
-21.9847
-25.79
-362.461
-6.84328
-521.45
526.16
3.48515
-364.18
155.446
-169.318
48.8055
-263.273
-173.868
609.496
-671.073
-861.164
-213
266.448
229
-349.198
10.4195
142.509
-517.942
-81.457
179.516
-431.103
-123.46
-396.785
-230.488
-208.944
164.716
-142.039
-321.529
325.674
106.525
-456.023
-41.8411
381.185
431.038
330.495
77.0612
-347.948
-241.016
-186.212
569.028
302.604
-276.39
-22.7249
-2.11365
18.3163
535.1
-44.941
123.092
-192.386
-384.947
-193.714
-587.566
-266.457
187.031
-334.783
156.294
-154.708
450.081
-187.49
-49.5742
427.842
-330.982
163.446
192.111
110.083
-344.048
118.545
370.881
-227.647
92.4135
-142.028
-124.262
89.8514
23.2886
-278.788
-380.226
135.191
287.658
273.549
-839.357
72.6955
87.16
46.6855
258.461
206.339
38.1943
596.185
124.726
-183.255
293.386
-230.277
101.801
-2.42125
-285.076
-169.087
218.953
-288.102
-282.231
45.3775
-201.187
-632.111
264.861
-347.088
-60.1124
165.59
-72.3545
43.1989
163.672
-83.3007
-12.8386
-74.6296
69.3789
-218.582
-170.438
-174.069
148.35
-166.689
-322.119
-164.224
-80.3336
85.1474
-96.4564
0.875424
-376.464
445.431
65.4992
74.8659
-122.209
-40.0856
240.343
-64.4092
-61.1653
-538.166
-250.361
163.588
359.303
-114.65
418.286
-139.028
48.1361
-378.949
119.806
334.872
-122.742
-9.1813
33.8947
-282.281
-229.05
7.07403
-25.2592
241.41
-246.575
-189.065
75.2852
-208.422
238.495
-437.513
22.9189
269.093
115.2
79.5553
23.9463
-77.8315
152.91
100.421
96.91
-212.541
-197.518
-119.169
164.965
-170.97
101.989
-296.616
-110.125
-192.869
-130.614
26.5319
-353.242
-70.2805
-175.054
-232.552
19.3262
-139.981
373.517
44.1912
299.749
71.447
-47.4576
-355.559
-98.3287
-255.272
-122.348
146.101
-131.217
136.916
384.228
397.323
434.751
-70.9033
353.58
-44.2058
92.0101
-298.552
538.923
-518.255
588.028
270.044
-54.518
127.239
-128.206
-299.387
-301.492
-396.627
71.6595
229.498
-61.6853
86.264
-95.644
-167.937
523.65
271.479
59.5294
-88.9
-512.007
464.171
94.6551
302.337
-190.068
299.63
-266.487
-484.661
66.8028
93.6562
33.8619
15.5938
-394.739
270.584
-3.6974
-32.6605
173.211
-187.981
-88.6071
41.0438
33.7484
-138.553
-223.86
291.736
-67.8898
3.45417
12.3224
628.89
383.104
3.2188
7.59102
-127.605
-179.602
336.244
54.2056
-1.09005
213.327
199.207
-72.1563
23.7762
31.9587
-53.1295
-108.213
-335.041
-564.388
-240.739
34.2299
-155.009
-176.704
-858.781
219.538
90.2959
-272.426
204.605
101.972
247.163
-113.203
167.372
-63.3478
574.427
-251.83
-80.9268
-841.55
261.302
212.767
-239.839
463.733
52.3387
-299.689
-109.057
-357.787
123.575
-32.037
-50.2878
-276.408
-24.3073
582.308
261.79
-171.674
154.257
-91.8997
-84.3555
339.502
-119.886
-48.5172
-436.184
-14.4716
64.9126
-16.2217
162.782
230.015
-273.179
-430.868
-405.27
106.672
314.557
-55.4692
-185.852
136.396
31.2577
217.41
392.975
-272.118
-175.427
-385.671
-386.303
177.249
-8.96384
-482.744
-534.113
4.45518
62.6874
318.512
-450.889
-40.6251
90.5503
-479.271
389.308
-71.5259
-259.485
-171.086
200.45
-455.237
2.78772
215.247
147.235
-497.796
-394.738
381.399
-443.162
385.827
35.6176
16.1126
-80.8231
84.3618
210.424
-8.45598
-149.708
-476.034
-52.7287
259.35
36.3401
-177.969
356.077
303.957
402.074
-220.382
-304.429
198.055
-119.65
559.915
-265.736
-119.973
238.451
-29.3592
-553.838
-163.847
36.7728
82.8804
0.551907
189.401
-187.613
-40.3817
142.148
-41.6055
-228.927
-174.87
217.919
-99.0205
-86.5057
104.463
163.858
138.972
-212.55
-341.414
245.17
-70.7389
-84.0661
-110.054
465.626
-565.633
-58.6756
161.613
169.422
-67.5371
122.643
-355.203
150.677
-23.9007
-49.8766
71.1114
-34.945
288.431
-187.458
-44.3719
-236.619
397.997
150.5
-175.068
492.614
-409.651
39.9994
180.71
-286.248
24.4336
152.113
503.172
192.215
-114.569
-607.07
448.234
595.321
-341.185
-5.12604
124.473
138.615
-153.461
-84.1105
31.5654
116.9
-4.1073
239.9
-404.899
-170.644
162.706
-437.597
247.227
180.105
-156.136
99.0524
-297.264
102.883
-90.1946
1.36579
249.936
-158.568
-330.043
192.78
151.25
-382.748
-233.194
119.602
34.5749
5.86758
-121.92
559.317
-468.79
179.873
-4.12607
279.163
-10.0355
30.7178
246.249
-173.041
-174.562
19.2463
-121.513
-90.7749
189.884
97.303
-164.469
-249.338
77.1732
307.964
-25.4735
431.25
29.0227
102.328
351.224
-176.073
417.401
-298.218
121.965
105.299
120.198
105.624
-334.917
477.847
560.718
-259.581
90.1494
144.001
-179.505
82.0563
-120.355
-6.53378
-113.293
-105.423
-331.085
-152.232
-292.774
-220.401
-191.159
-208.711
169.994
68.8924
-137.803
-524.439
-82.5019
-105.627
-218.544
-95.7984
-319.334
-295.852
755.002
-72.6582
73.8806
229.823
-690.65
-362.511
136.574
26.6417
-86.2905
405.685
304.62
-378.947
467.094
-155.117
-42.4419
246.425
-191.87
-210.281
-160.839
-172.298
141.817
-216.615
275.851
-487.284
-229.984
77.8579
270.423
7.34421
-131.721
4.2677
223.872
287.592
87.7303
-259.88
-841.582
173.711
-47.4856
394.856
-415.665
-206.044
-377.288
220.367
-33.9933
-46.4556
106.019
-229.712
278.099
-4.76913
-194.66
196.907
16.5275
-30.1058
233.488
-148.744
81.7683
-359.956
-235.955
-142.107
-155.602
70.5253
105.51
-199.834
260.639
-183.12
-825.563
-155.057
7.30938
406.347
38.742
17.5238
8.35458
627.835
-330.253
-121.035
388.254
485.929
-2.17811
-46.9641
-143.924
158.322
-154.723
-6.94909
-165.062
100.482
-9.14798
243.428
-27.1286
-337.393
-422.892
58.0547
-347.108
110.698
52.8927
-295.428
14.2343
-275.064
278.98
95.31
199.818
209.447
-27.5839
-239.432
-36.71
237.857
7.45569
647.227
-181.597
285.648
27.1649
-319.843
37.2037
201.534
269.706
-71.0497
134.025
-106.552
-702.972
71.2141
115.287
116.737
-93.3284
-128.97
-151.803
408.576
-33.2098
-143.408
151.148
-284.094
-250.116
130.265
125.637
202.42
334.294
87.5761
342.666
-100.257
-266.946
124.89
-266.376
174.642
-369.182
-75.924
495.93
-242.988
332.002
31.8664
114.92
692.222
-96.1229
-48.9667
-362.819
108.598
5.29994
-329.501
77.5459
-330.692
149.43
-158.764
-165.64
-327.888
181.206
72.2792
214.689
-5.1131
-195.639
-60.7889
-298.901
-382.038
-459.937
116.041
270.318
62.0014
57.8796
-113.202
480.327
183.621
149.891
102.962
-195.322
79.2067
-38.5583
99.5043
354.567
-234.601
246.454
530.045
444.507
479.887
239.594
272.183
126.973
289.112
162.47
36.7984
256.533
19.2167
165.477
411.88
-46.4187
-153.957
9.25781
705.196
32.1936
-374.409
144.059
-196.532
-175.596
-318.158
190.323
-418.713
-370.018
123.994
-34.2807
-314.709
192.105
-323.476
23.6685
306.183
-53.7851
162.833
-83.9204
134.332
95.2131
-126.854
117.067
142.221
-237.118
6.74683
-63.9677
142.648
503.335
150.757
-105.306
229.096
-878.961
-173.939
163.144
121.868
79.6066
-102.636
-228.935
-24.2684
61.9429
75.407
-374.739
250.135
-233.356
279.714
-141.163
-13.5881
-234.374
-104.783
30.1922
82.5369
215.986
283.431
292.493
27.3481
-109.237
-97.0569
-287.891
-123.943
-97.0339
240.44
339.521
-366.624
8.57629
459.104
-397.126
422.953
136.647
1.10452
-25.8143
298.331
32.3792
-51.349
-16.6803
159.961
104.038
80.2454
54.8049
-68.7412
-62.2227
-99.3021
-84.6205
-47.7897
-214.972
424.18
145.018
75.1159
309.354
25.0984
-246.698
-257.922
-590.45
208.242
353.015
-182.599
-226.738
-148.255
118.472
418.778
230.599
59.0763
-20.2292
234.483
-4.07845
357.083
390.784
149.756
128.526
329.682
38.0176
618.242
-53.8367
-25.4718
162.186
-391.823
-206.497
112.032
153.591
416.059
321.151
287.04
-166.603
-481.541
137.816
-23.1531
-328.16
514.202
-415.141
39.4842
-46.3524
284.457
-350.804
195.58
-212.821
522.372
703.014
305.984
-258.006
-354.092
721.389
397.094
345.579
-245.599
-186.753
164.27
-82.1815
-77.6531
103.408
155.78
141.438
200.256
141.622
-162.001
280.383
114.152
-59.2501
76.0695
-20.8618
266.427
166.88
181.98
-10.5809
550.597
-174.195
-280.79
-171.714
219.835
-143.558
-250.296
56.2838
-97.4427
-56.0636
-265.488
-3.77197
77.0159
109.039
-97.093
34.9877
-239.45
-33.5766
132.27
12.6333
-79.6922
-93.7137
-492.108
351.755
357.409
291.885
594.459
-271.095
77.808
253.938
154.926
-276.198
-29.0474
85.5191
170.652
112.447
56.7942
189.86
-204.154
-97.4598
46.251
469.232
-251.705
145.06
-237.703
155.872
305.745
-257.957
63.8772
301.444
-165.997
675.401
178.063
-365.367
-175.733
25.6063
-103.021
-25.1165
13.1623
60.6656
35.8904
-93.9416
-47.0728
-89.7107
19.9015
293.873
-409.364
-246.746
-169.088
-203.767
120.762
203.904
282.496
-108.189
-116.671
-136.119
-202.278
-351.31
99.1568
-387.545
165.718
28.7743
-58.9862
340.482
-36.1551
-472.608
-295.985
94.2995
32.9569
-52.2389
37.2325
290.58
105.248
-17.4489
-61.2714
-125.595
322.356
-181.473
-563.91
117.544
73.2249
130.645
68.4987
174.703
-444.985
-404.984
-65.9229
-62.896
-93.4862
11.7178
-266.006
-121.115
50.8377
-17.1196
-180.891
69.2412
52.5165
-222.062
170.416
-836.539
-389.031
83.9308
-649.029
131.178
-86.997
661.837
-137.348
-604.078
75.3882
-213.67
-193.294
182.713
442.663
206.644
15.2776
184.753
-127.27
183.707
214.152
-208.46
-8.46088
-186.424
34.1052
-115.086
42.0285
-428.417
-19.5176
-255.24
-86.3933
311.776
-245.671
-64.0187
-187.097
-269.491
103.282
465.203
181.462
-120.686
135.235
11.9132
370.129
-151.379
9.26674
331.585
330.589
224.053
-727.555
-215.712
-436.189
-253.422
389.023
131.384
-57.906
-544.391
5.09429
-159.753
-558.344
333.781
-30.7894
-147.481
-54.6972
-78.5345
-16.449
31.8941
232.353
-276.529
-16.7739
-290.766
133.183
-568.962
-154.471
-38.7956
-55.7189
-402.172
-4.52341
-331.054
277.29
-233.75
-202.802
-594.851
-321.406
-151.481
390.574
-19.9833
239.334
53.0627
49.3317
-362.54
86.6104
119.702
110.989
-252.7
-382.05
213.171
97.4654
-557.11
-48.4638
-124.402
41.8131
14.0637
-306.045
131.323
-502.605
122.751
-19.9646
271.547
-200.377
-425.797
192.531
-132.404
261.041
-272.622
-110.206
281.807
-46.6245
-41.1675
432.773
-107.919
-420.255
181.003
281
144.567
212.868
-86.7005
108.651
-12.3181
-18.42
-152.956
-264.032
390.871
-167.501
-47.6795
-432.414
-606.739
-56.3141
289.642
285.509
-129.835
-427.24
-176.084
-342.286
-210.061
192.249
-84.5214
-90.7049
343.422
285.553
15.3062
-16.7573
189.358
-220.612
-10.6359
-340.756
286.685
172.184
-442.667
-221.301
6.18775
178.468
116.552
-89.613
-45.0843
99.8399
437.113
172.086
231.593
-273.734
123.331
-407.403
-277.324
-164.299
762.859
27.9914
17.5077
-76.9537
-99.11
379.469
476.638
-57.2153
193.854
38.6336
-347.893
548.277
864.416
-57.1261
-217.798
-592.059
-45.7237
284.467
119.775
181.121
496.652
-128.394
-418.351
450.177
-235.242
-187.522
-35.0752
244.885
1.0138
-72.7603
458.224
252.783
-373.88
171.377
-156.316
-52.7292
-163.498
14.6371
593.902
-95.4518
-133.766
37.4497
-380.047
-8.28998
-595.49
9.32904
211.537
295.261
-70.6281
55.9678
-319.004
5.99588
-119.512
398.227
-405.309
241.42
764.566
-162.501
330.416
-101.442
379.612
7.24024
-369.557
-209.695
-808.165
279.743
-38.1192
-273.606
96.0776
98.3243
-464.369
-50.6982
-209.907
42.7053
-82.0755
-119.729
491.372
-408.091
-303.227
-238.945
232.945
-21.8
-320.741
147.545
329.39
14.7282
-180.191
166.786
130.985
-320.165
614.648
-245.429
83.3535
5.55198
-38.1782
194.518
237.591
-231.243
200.449
-135.696
-29.5055
-461.254
206.882
-144.21
-310.455
238.929
237.59
106.946
349.357
-207.124
-82.8605
105.097
-39.8606
-268.7
368.98
-482.748
101.828
25.2373
-224.997
209.981
-9.32279
265.614
238.899
19.7464
-164.634
219.81
444.499
497.676
-74.395
-29.454
383.947
195.532
-353.269
89.9475
114.796
408.302
-158.609
-292.844
279.036
112.497
-575.12
-19.3209
65.9344
371.1
114.062
15.0233
25.509
-170.335
265.983
-76.5296
-6.94629
277.936
-17.0865
56.7203
-10.6683
-224.431
450.818
34.6256
-129.615
277.309
-22.7433
289.082
409.753
-249.282
73.9883
-213.973
-80.168
285.647
-492.171
216.282
737.726
221.851
313.877
-152.846
-168.321
152.193
245.614
455.971
56.7429
-25.3505
373.493
-7.57867
90.3748
-243.226
31.4891
16.5518
66.6106
-553.171
298.278
-384.167
18.2105
-394.47
-482.409
469.258
-399.928
-644.971
270.953
291.117
1.41841
207.678
102.151
-117.038
-296.442
105.246
0.306033
376.677
285.679
370.062
63.0887
-552.044
227.853
-180.128
-209.56
73.2465
-115.243
-87.7051
102.556
-376.807
-148.529
-84.0292
170.898
-385.946
-44.9233
-209.577
-442.272
50.3568
-47.3266
309.479
4.70651
-463.103
409.812
408.141
171.566
-262.296
-44.8956
-283.464
-216.78
118.06
-93.1681
84.5026
-29.673
-183.03
400.99
249.495
-17.7099
231.198
-287.795
137.962
227.421
-99.6528
-289.895
47.6956
-197.138
175.785
214.861
-521.625
-59.5863
77.5218
44.1181
-198.589
-249.942
47.7005
47.8858
-183.523
2.746
-74.1029
-244.635
85.3893
-393.551
-110.149
-164.172
315.404
-147.956
284.32
-386.357
32.2107
56.4852
14.8472
589.181
-219.364
-168.671
81.9388
19.7955
233.967
-305.411
-18.0927
427.777
27.4554
38.9339
-238.042
311.29
361.708
216.162
3.13225
-113.304
46.0991
118.565
-115.993
165.813
-221.966
147.703
-203.462
-128.044
243.985
-153.562
259.722
323.364
-134.066
78.1902
315.016
125.614
-271.054
-277.017
-284.841
-230.936
-25.8846
32.3238
687.162
343.952
202.098
242.366
-224.132
-530.687
-543.963
-66.9139
-16.3721
-319.433
177.351
-519.082
188.195
118.034
-34.7977
-131.618
-71.8124
255.683
-206.524
149.269
578.09
-375.534
54.5166
-354.461
-487.09
440.448
9.75615
456.059
155.131
-26.8216
-219.133
329.65
484.153
1.66542
95.3751
240.682
-302.736
-172.775
-93.607
45.0027
-161.99
-226.166
-127.557
88.3757
-90.9455
439.145
-456.011
85.5529
54.8089
-49.9958
-150.883
-249.298
-766.18
-522.577
197.704
-46.1225
531.022
160.269
165.276
-165.133
-70.0466
560.784
90.1915
83.3692
215.898
36.4179
143.786
361.678
123.008
254.624
-116.14
-458.305
-56.9604
-11.8363
120.621
792.081
86.3128
-23.707
181.133
-90.8641
60.1888
-205.72
191.77
586.989
-348.463
-201.749
245.156
288.788
126.803
-46.9987
-384.858
381.405
218.039
27.0828
-6.52946
-615.099
-102.452
-109.951
83.9904
397.112
-418.346
51.4544
-71.5468
90.1599
-77.5685
312.755
-106.637
424.019
334.606
159.183
-282.972
186.112
104.858
-205.12
135.641
-63.0482
-74.1063
319.667
-236.918
-116.987
142.977
456.534
89.8813
-124.376
-199.729
-200.787
-222.763
315.084
-707.549
95.4526
157.144
-217.704
-61.3053
99.6092
-436.504
781.231
94.498
135.678
65.6318
48.7972
-717.255
-187.451
566.19
123.123
246.524
11.8498
-142.946
256.153
139.829
6.64548
25.3876
-104.94
-157.637
378.111
160.59
480.057
-225.242
417.7
110.755
561.6
59.8785
181.243
-152.424
405.647
333.397
417.719
15.3972
482.61
564.367
-2.7205
276.763
422.629
23.451
-609.604
154.31
304.33
-251.295
-247.52
-82.4871
202.553
47.6979
164.265
168.378
-392.68
5.12087
-308.951
84.7943
-374.149
-204.199
480.975
-250.21
-115.112
-152.182
332.996
-315.045
-262.265
-360.852
-251.703
-171.336
-131.874
336.741
-298.762
-266.767
110.389
390.412
-100.68
-391.54
-234.543
-142.482
330.642
199.975
-103.47
115.344
-312.539
31.9182
-101.078
-221.478
356.229
74.3791
133.787
-222.412
-100.656
-186.24
-408.472
-163.063
-425.329
-356.577
590.245
101.137
-220.852
-276.056
166.448
16.6861
-339.871
199.321
-516.491
-395.043
180.84
16.6148
170.117
44.9335
-270.8
239.942
188.867
-567.9
-123.652
-243.453
-125.29
-216.616
-85.6725
-357.607
-17.1363
-392.591
-105.227
231.698
339.97
-259.673
96.4923
-62.3473
-332.501
405.534
196.086
-102.926
357.903
-138.077
-256.286
-141.089
-54.6073
106.424
-279.129
-365.241
-34.9114
33.7895
186.347
306.086
-332.446
49.0085
170.858
68.3104
422.849
-223.97
203.245
128.452
276.48
-30.2659
52.5749
405.265
439.062
-186.189
-153.975
255.555
-33.9512
290.19
117.627
-212.026
-72.7652
241.62
-238.012
161.907
-113.157
103.788
11.0243
-323.618
-321.172
42.3615
-21.1407
-292.743
-67.8459
-507.839
-209.957
102.918
188.2
-229.919
-63.6976
-274.493
237.25
132.606
-219.709
61.7286
56.7228
-101.351
-199.116
-396.693
69.5886
-136.761
214.397
-168.608
-2.15161
-322.433
385.809
-80.7009
171.017
346.164
230.446
-185.243
-341.77
145.821
-266.651
-502.627
162.864
308.815
-309.931
175.101
240.053
-220.192
111.624
-78.0249
51.0367
-86.2658
281.723
-552.756
16.4863
296.841
236.476
-314.717
-203.91
357.382
184.532
-288.101
-252.503
-44.6284
-46.0326
77.3191
616.049
66.1404
-177.561
-80.9307
-460.501
-341.888
58.5827
-454.379
-332.049
-214.306
-142.884
-323.056
348.682
-130.455
-52.8483
176.538
-68.3799
-139.989
12.5941
-42.1864
-22.0965
78.1289
-175.862
656.8
96.0253
137.846
222.882
152.986
304.455
89.9444
473.755
245.822
-212.01
-77.3437
41.3833
375.193
278.411
42.4302
171.742
-321.003
303.567
-44.3421
258.513
115.699
336.329
-64.4097
274.254
393.439
-331.481
49.5258
-256.377
248.513
-716.606
470.835
367.032
-134.189
-227.572
19.6858
-460.683
11.588
-3.2637
-216.235
-223.448
-38.8427
627.536
-9.78153
206.002
-95.5718
-113.819
25.7756
401.893
363.625
15.8236
358.117
149.142
296.449
359.287
35.2866
8.93828
106.663
89.1577
-151.076
267.806
257.629
539.953
34.9813
-158.102
475.07
284.075
391.22
-6.24426
-125.083
230.012
88.3832
234.192
64.0107
-290.425
220.454
-582.699
108.886
57.6852
-169.714
109.29
916.023
47.4178
-127.224
-260.521
125.88
3.45939
333.729
226.094
-311.471
295.334
196.735
428.464
-27.8695
-126.336
-236.917
-26.6532
-427.833
-16.9317
337.333
-179.502
491.985
120.942
403.534
45.6084
615.332
-501.476
-212.977
-326.869
-89.93
-210.145
-31.2692
127.668
-212.664
454.653
-35.2312
349.035
84.9368
-538.907
234.893
-242.146
-58.2881
132.348
353.43
-415.173
-232.56
-181.887
-201.234
-134.044
366.55
-674.186
-15.8656
487.039
-27.8167
264.216
315.244
-149.402
282.873
289.942
-308.633
-8.05656
-235.599
296.355
111.635
79.8923
40.2054
170.173
-223.132
-379.953
8.75818
-56.8663
93.0566
-81.0324
272.819
-281.549
191.935
20.397
-77.5489
-11.7102
-175.335
26.2322
-4.64489
25.8374
-57.2752
53.0073
10.4158
519.765
376.869
27.648
-64.33
34.674
-33.8076
-81.5161
-139.471
85.6935
-175.825
-68.0799
26.7284
-146.063
-509.45
-199.112
158.94
156.079
-392.854
136.51
226.108
-453.572
-173.008
192.362
113.574
-153.004
437.277
-450.761
174.465
19.3281
-432.179
-175.859
-324.088
131.372
-219.738
149.331
328.516
-323.232
-238.923
241.908
-541.576
151.028
-203.196
-63.2372
-10.9104
471.302
-225.089
400.382
34.1863
6.68361
-26.547
137.429
-407.218
-51.1288
193.872
289.944
-218.137
-76.39
228.455
-118.681
173.051
-445.44
-172.042
-121.605
187.487
-98.7951
-150.557
-159.166
-687.607
210.542
-12.0352
-362.546
-99.486
-115.524
123.592
40.2872
-140.688
326.136
-320.621
-206.68
477.223
-162.992
2.86335
-26.3902
115.538
-160.145
72.7333
337.65
-637.508
84.2601
94.3286
178.03
-205.012
-167.484
361.826
-96.3747
-26.9639
-342.512
-181.184
-417.258
-352.837
-463.798
-300.377
177.766
-84.1028
104.411
-425.251
60.7956
290.593
366.764
-38.091
-125.476
-341.741
-161.12
232.544
184.159
117.785
-52.3774
-90.5848
536.67
285.981
-10.7757
-127.565
-52.7744
63.7657
599.932
-211.233
-66.0076
-121.336
26.6509
15.0757
211.544
299.613
152.173
32.0389
-141.249
225.306
-90.6975
235.818
171.91
-91.8213
-155.505
-722.419
80.165
-81.9119
-321.754
-65.7283
18.6441
160.622
167.149
31.6974
65.056
208.801
-66.5918
-99.0728
124.211
-193.444
-87.924
362.617
575.962
423.362
-170.495
-232.789
79.6314
172.368
9.80547
-214.987
25.7185
-156.894
100.097
-477.466
212.391
-107.794
337.841
349.131
159.512
-19.8766
-468.792
-277.868
199.714
-519.874
-527.746
71.7672
109.605
-227.184
308.436
29.6997
675.614
73.1239
-226.388
-87.4242
110.732
1.34941
34.3586
283.157
-176.318
-294.776
-274.775
100.36
77.9968
226.145
-29.1464
5.76702
294.895
598.911
224.257
66.0421
-108.924
144.541
95.6098
-335.248
-224.583
-220.411
-158.307
106.244
174.836
151.241
-434.038
465.475
307.997
-59.0443
-46.0088
219.433
-101.606
-184.873
610.026
316.41
-90.7475
497.867
2.40624
122.169
-0.047615
23.2968
126.786
136.742
-160.487
264.633
-29.2939
47.447
369.138
-86.5284
243.857
-19.1454
-270.297
675.551
291.211
176.643
246.262
-499.373
468.653
9.074
256.42
-147.092
-203.811
-175.97
-143.751
-192.436
868.849
-72.0122
-76.2703
383.964
3.8695
-116.342
21.3558
352.19
493.007
-92.4526
276.046
96.0196
-443.487
71.9682
305.352
-574.143
-152.127
-157.639
-198.263
-229.765
-238.611
110.454
34.7476
-527.933
-322.518
-107.401
220.125
-215.843
327.791
-303.368
203.225
-277.905
-446.134
-67.6384
-33.1293
333.626
-104.425
-163.932
170.991
-259.325
-160.872
70.8372
-154.355
-394.423
-427.925
210.78
126.847
-164.905
-43.7516
-126.238
-18.4124
-444.09
-19.5998
430.723
134.534
-63.4305
-316.157
-20.2584
-178.057
71.7324
153.2
56.7567
-179.404
182.138
20.7301
-217.607
526.303
-50.4535
168.1
-276.807
-49.9592
-108.552
232.529
-264.213
303.641
-41.1877
167.897
-224.786
-425.508
321.104
-235.302
401.401
221.882
53.0012
-16.0928
2.69603
-321.523
-619.963
-133.356
411.484
-100.32
-448.287
74.7824
347.565
30.7604
191.916
-266.19
-4.9761
314.205
447.458
108.231
201.007
633.608
42.0751
-62.0902
302.465
423.085
21.5606
123.496
-303.64
24.0721
-485.733
-363.213
-246.532
3.82658
327.164
-124.932
207.329
186.196
319.411
315.899
-85.5541
-175.884
-99.3085
-200.011
-158.05
-197.665
-22.6476
-108.789
-76.4267
301.089
110.721
119.364
-546.502
-289.162
172.104
-74.1369
67.328
-124.611
-331.155
-154.569
-0.868959
-274.772
-68.2312
61.4019
159.599
333.773
-168.689
-191.505
3.92322
-212.809
484.416
-198.855
37.8477
-443.961
148.235
1.20265
-435.372
-491.642
75.5052
322.755
55.6642
90.6143
102.163
-274.283
326.915
-172.052
143.932
-31.8674
312.665
173.671
-854.714
-252.723
-123.085
-138.572
-104.647
-262.565
459.717
445.887
568.431
74.849
-121.05
238.303
2.67284
-215.853
0.430268
-73.5013
-307.526
-348.637
-589.926
-88.1825
148.577
-26.1363
180.332
-405.043
754.298
-257.254
328.388
-35.4021
233.414
455.66
69.4899
133.809
162.907
-265.815
-250.213
-352.765
359.111
-276.545
279.643
-133.245
-122.454
-260.664
-48.0688
-420.922
-64.4665
128.447
277.31
-5.00745
358.548
-176.453
41.6927
-30.0431
-222.389
-312.234
-124.583
24.3609
-162.362
-208.754
-24.7344
-66.3459
-81.7986
282.23
24.7899
-98.1897
193.847
-215.606
-155.918
-36.2271
-209.105
-733.77
215.55
15.3819
437.868
-4.64845
348.445
482.668
-462.242
43.263
-611.113
-98.0305
-64.1111
-16.8259
-174.342
316.174
473.501
-551.91
132.544
-396.331
136.205
-394.781
421.109
-91.2752
84.7861
180.656
-167.018
-546.546
-187.512
240.626
-164.183
146.92
-514.601
475.689
-94.5389
-306.742
180.249
-83.8734
3.44349
-38.4094
-320.931
-297.906
-316.918
-450.409
-87.9239
-102.665
-178.776
355.255
-272.705
-268.954
149.16
-370.225
311.376
-145.108
440.675
-202.916
192.174
-53.2525
51.7827
156.365
553.303
294.59
-43.7553
56.6911
-386.493
-514.593
-292.652
-137.878
150.828
-139.185
5.40625
289.341
122.073
470.588
373.534
77.3384
103.205
81.7767
228.844
-140.305
-83.1287
207.206
198.504
87.7887
90.2897
-64.094
173.522
-408.593
-101.74
-213.28
-427.946
371.387
93.7233
146.083
139.222
-119.721
650.806
-64.5314
305.813
-203.814
-121.909
14.1558
-20.4995
-330.921
-141.008
-70.7003
397.017
-165.338
-473.683
55.5882
808.821
-386
478.661
156.825
-300.596
79.725
348.115
-140.496
495.48
210.641
520.701
-79.4501
476.039
35.176
-146.594
280.259
102.618
72.4761
-59.2236
105.069
-243.083
-75.4319
56.8486
259.84
248.48
-13.4793
-337.253
-296.337
89.958
41.8096
-351.696
73.2871
327.927
-143.925
344.255
-237.416
-602.67
351.826
218.844
-157.936
299.983
-133.817
-296.085
147.439
188.576
123.52
140.584
345.299
-153.897
99.0261
126.073
145.247
-44.7119
-13.1621
199.614
-267.677
339.623
246.801
239.648
256.931
14.5046
28.785
-329.602
190.654
-111.571
291.286
98.9767
-338.551
-432.809
194.335
9.61553
-501.385
26.6828
-73.1694
-32.5694
-152.139
88.2242
233.639
468.225
-324.069
-209.469
193.672
-458.198
-397.712
-378.03
-36.7282
-408.596
-68.6216
336.114
930.733
-19.4683
145.052
-22.2918
-550.498
195.069
-110.639
94.6669
290.8
377.939
-251.122
25.886
342.8
-11.7855
245.165
-227.222
-27.4742
233.931
-247.799
-212.158
-493.039
538.523
565.477
573.711
439.796
157.903
199.06
143.698
108.885
-134.087
160.279
522.313
-44.8233
528.214
-225.196
321.329
-491.121
-384.502
-354.157
202.072
199.434
308.052
-221.58
-54.4837
264.658
-29.7314
-533.922
359.388
-277.494
-9.98419
-29.2057
-154.59
-227.128
-104.403
-132.822
-58.4249
137.057
380.785
44.7807
177.769
-418.755
-102.294
83.0796
-132.353
104.055
-104.598
-172.533
-166.159
-39.6018
327.974
46.6258
204.419
-60.5019
-72.3754
186.932
286.587
-478.785
-165.019
316.498
-79.1578
-76.1054
-136.572
-340.284
-13.7576
196.486
-150.985
-263.76
-217.414
31.4191
-141.025
-536.057
30.589
73.1971
65.1933
-68.5573
-596.141
450.737
97.389
-57.462
-117.38
15.8326
-340.871
314.881
177.707
251.422
314.54
325.546
389.868
-247.646
-105.603
4.13427
159.29
-132.985
-403.406
-5.35513
76.0227
-155.651
228.626
278.959
-104.505
193.935
-65.6114
-53.8959
-533.9
152.105
-210.019
573.739
70.7589
-270.32
-250.29
-629.331
-4.88723
-111.602
-225.975
113.055
-74.1017
60.7465
215.124
193.766
-413.826
-199.464
-432.243
7.89883
253.938
41.6997
-307.144
192.999
-158.063
273.169
-140.182
-141.681
514.892
-200.129
40.5088
314.662
108.667
23.3773
-127.823
-48.3285
-97.2985
97.7815
278.011
-249.216
138.041
-559.471
175.546
52.2813
-526.777
446.414
-5.56686
385.252
184.429
-73.1471
251.655
-105.445
-639.162
-179.505
-251.748
108.408
127.856
-268.512
554.645
-31.6666
209.341
-55.8642
82.0461
-314.926
-114.71
14.8105
239.277
65.8195
-299.478
-34.556
308.559
16.518
327.129
187.484
418.354
458.875
311.573
382.462
-535.395
388.051
-19.0728
-137.341
-194.394
14.8985
-54.1818
-225.247
-53.0629
28.0041
-24.4198
-446.972
-360.202
-344.154
287.873
-20.4863
72.5789
231.055
6.26631
-466.362
608.065
175.206
-102.447
342.215
16.9736
417.062
-41.6304
283.354
-40.9984
-246.925
2.27817
188.209
-0.668706
190.593
-25.5803
93.1656
-64.4216
-295.863
-83.3731
119.03
-1.76742
165.938
-98.3375
124.202
219.581
-169.854
-97.5986
-111.671
-316.345
-273.451
-532.516
160.334
-244.23
374.135
117.139
209.805
130.801
129.472
32.2547
-98.4192
-602.282
106.554
-217.51
-402.297
-38.993
31.9435
89.9451
329.927
133.591
-72.9082
-392.938
112.912
626.854
537.156
167.217
-11.9354
303.496
380.033
-61.3589
-184.648
-67.5099
-210.165
142.292
-448.138
143.658
56.3469
-40.5734
327.071
69.6526
-116.316
-416.113
-258.908
319.267
-35.5383
-159.247
-97.2125
-126.548
171.257
-82.6392
142.402
32.2006
-156.77
-320.097
187.856
350.783
-365.475
-75.2607
266.923
125.779
646.461
298.934
207.684
238.89
233.328
167.143
-221.818
232.358
-892.855
-188.741
-282.528
242.551
284.201
579.962
246.897
252.037
32.0021
-193.569
-425.659
443.799
469.986
-40.9609
-95.7909
199.413
-29.7556
-387.367
348.787
-20.4521
-337.301
134.933
-67.3781
204.972
-6.53475
213.279
26.8616
-248.764
438.701
-159.407
-873.431
304.081
-624.078
-143.733
170.241
-311.09
2.67481
-91.0508
258.78
-27.4495
-157.262
-325.146
525.606
-91.9788
330.185
-368.355
-132.861
-78.9388
290.054
-48.5661
-187.317
220.578
-343.504
-35.1239
-153.105
-277.325
105.614
-69.5569
245.445
263.029
-546.14
-408.921
448.829
136.194
141.244
244.952
37.5603
-455.857
200.407
-89.9675
-76.9146
22.4695
109.583
87.9532
-26.143
77.9108
43.6235
-19.5787
-123.815
-278.703
-96.0871
59.1717
-232.915
-435.698
-316.338
-13.4907
-203.032
311.853
-182.587
-34.75
-439.614
-147.967
107.86
150.653
257.934
-113.855
156.195
-226.434
82.3295
-115.317
-297.862
-575.126
-467.374
188.211
-76.2138
167.97
-201.265
-40.1655
-285.538
-9.38969
27.6995
163.247
-258.466
-72.79
-134.657
-12.8503
-255.485
170.146
-21.0134
-159.577
537.198
-116.476
161.849
-578.928
602.614
5.00016
-266.575
-550.716
313.915
-181.643
47.1511
180.22
180.045
-472.221
-32.7836
-24.8402
-104.956
229.197
23.4055
123.817
329.139
15.0132
309.827
-390.765
135.139
479.041
172.774
-584.051
218.324
-418.261
-104.283
-289.23
504.744
89.3516
-473.757
100.444
-48.9018
180.809
-40.2792
199.969
148.148
184.729
-211.46
-127.634
298.645
-214.795
16.8595
-77.6562
-377.579
141.257
108.531
-173.138
-246.338
157.433
164.827
192.654
-256.419
106.81
7.59351
-756.73
0.638966
-311.711
-84.8895
121.649
408.49
42.1779
353.843
84.7071
-304.047
-283.363
160.667
-579.652
146.47
-124.129
-53.1054
-103.397
216.058
225.03
-236.578
246.031
-134.898
170.786
-206.598
269.673
-98.8537
153.35
154.324
575.313
-66.5127
-302.031
392.552
43.9282
152.041
15.8162
-347.456
5.88586
-20.9464
266.924
-438.998
403.945
-244.189
-8.89176
-182.195
138.361
-88.8951
38.8249
-400.451
64.8109
-380.757
45.6554
269.733
-342.949
43.9465
-4.54844
-367.711
286.844
67.4704
127.302
487.545
421.422
335.384
-565.784
-420.445
52.202
-64.781
59.2946
-255.048
-298.219
562.711
-77.068
-178.198
-106.588
-27.5722
62.9397
229.043
-355.841
-159.358
195.479
-461.804
165.418
456.772
76.5199
117.063
332.608
433.122
135.117
223.179
-171.006
-466.538
-254.86
-252.385
-277.631
-28.0243
267.392
-129.407
542.982
151.754
328.946
-339.808
-114.75
-26.267
77.5187
-85.7074
-82.1579
-155.381
-253.42
482.961
549.459
-314.097
85.2011
-13.2635
185.837
282.246
372.141
-218.035
-35.3811
-19.938
271.097
-153.843
-30.2327
42.0528
-237.713
-76.8342
145.885
287.464
111.533
122.762
324.249
-299.257
-47.4482
8.86284
-577.096
-63.6761
-261.187
21.0764
22.9226
318.326
226.409
-183.8
139.398
-373.992
-287.33
97.2027
-180.581
9.95137
214.81
294.408
-183.461
190.855
442.641
168.257
-446.073
116.228
15.7288
162.856
-32.8898
-185.435
-249.548
155.229
-405.882
-111.112
89.7617
249.958
-52.1344
-330.31
-488.71
306.79
-176.894
217.473
-265.837
-197.161
-1047.1
235.147
-183.346
-188.132
-229.243
24.9306
-5.41194
-487.941
42.5657
545.926
-105.747
50.9676
-101.438
-256.801
-204.053
554.996
381.709
-101.057
300.235
-247.414
-50.3623
-33.4248
416.486
250.875
-24.1879
-131.144
-522.769
-68.9979
-458.127
392.613
-287.087
-359.104
171.004
-297.148
253.813
-360.765
76.3427
-266.549
17.8911
-324.038
-195.898
-389.393
-121.914
-116.371
433.227
176.567
346.345
-26.5351
-75.8954
-127.727
-55.7209
47.5906
315.273
72.8972
49.6194
32.9732
337.028
166.2
-126.944
-143.704
-0.772044
388.964
-454.712
-118.656
198.128
359.508
160.779
17.9877
-0.899957
-25.6513
291.652
91.0019
131.737
120.047
65.0007
-242.582
324.579
-42.1546
-327.81
25.0445
-405.837
665.93
-277.928
-228.695
-122.722
342.162
212.91
-64.7227
-77.3928
70.0419
224.858
62.0162
222.437
14.6331
-160.673
-439.873
-227.222
-414.208
2.81736
-274.834
199.731
-705.127
-199.33
-180.279
-239.273
327.905
-224.926
-83.7746
263.41
-57.9825
215.998
265.365
-4.13671
99.3705
400.058
-295.617
-766.447
-101.828
208.787
65.6149
-106.922
-156.385
190.045
-279.432
106.299
-631.296
-271.7
179.665
79.8031
-30.6376
-265.525
-148.541
153.789
400.487
-201.611
-78.9546
-54.1908
422.913
186.597
-218.157
-133.444
117.69
-90.4045
-752.676
-433.682
-368.671
269.977
-221.16
252.148
-174.187
-271.741
83.6073
-367.333
128.305
-192.743
245.639
-53.1951
62.2951
-399.268
-473.391
-416.749
-212.987
-18.4217
-15.6282
-571.639
325.168
-46.1237
233.049
-51.5051
-282.167
-407.313
47.2395
-34.0147
258.504
-86.9116
-338.666
193.693
299.454
-74.5909
-217.673
685.921
194.914
404.999
229.788
287.63
298.807
-181.839
-137.418
-118.517
-102.111
136.456
-195.598
-98.5335
-37.9169
170.94
213.999
-322.378
-493.683
-409.87
-256.248
-138.552
54.4177
-8.09428
-256.687
-433.457
288.788
241.416
127.017
-148.873
178.676
398.036
694.017
34.0453
242.695
-1.64116
213.695
-259.102
74.3138
674.327
-448.582
147.3
-27.3938
475.02
-239.678
-258.013
2.45969
-493.986
-136.284
-266.01
194.328
177.354
-302.836
130.515
74.5195
-170.213
-189.112
0.347687
-283.121
147.049
100.77
137.222
228.03
239.452
294.347
-255.567
292.018
74.8049
-236.117
214.746
218.172
106.526
-103.025
284.669
301.985
241.524
-70.6836
114.587
265.612
281.082
333.442
408.422
77.3979
-50.6769
89.4319
46.1056
-209.149
-184.865
41.0262
69.8963
373.295
266.536
-117.047
130.687
-160.242
-130.509
385.978
286.244
-37.8635
-78.6305
187.581
-128.285
194.497
-96.619
27.2353
-296.201
-27.3573
448.511
-56.1895
54.391
-558.619
246.605
-151.715
166.404
-207.408
427.813
-119.91
212.414
194.7
237.405
304.231
-666.412
414.559
47.0197
-274.088
-297.524
-402.536
-218.853
321.718
-44.1052
229.149
42.694
-151.714
-219.856
-35.5371
286.466
112.764
37.5477
-320.952
130.443
143.906
327.669
207.507
-599.407
-1.83153
-150.14
-254.597
69.6941
-3.72527
-303.904
359.785
-63.3491
136.566
177.137
-230.339
-267.419
-114.957
-220.201
-22.7221
200.794
-188.467
118.871
32.0033
-186.334
-597.954
-63.794
145.775
17.3116
-320.081
144.497
-335.057
278.381
254.118
-0.698419
71.7478
35.5822
-114.795
123.087
-367.567
7.1659
52.0967
169.09
-59.5832
0.409266
390.034
-52.3182
-8.062
14.0345
100.671
-48.2267
-25.1816
6.30984
691.228
330.582
-280.478
209.293
195.231
-389.904
235.959
37.6207
-210.72
165.973
-91.9139
-101.601
463.335
713.579
153.727
-210.067
-112.991
201.712
-280.28
88.2837
509.069
43.0715
-1.08897
-514.988
44.9036
268.253
-153.141
-366.325
147.107
545.214
-135.607
201.884
160.027
-400.084
-6.20641
-326.684
62.6212
-168.379
136.13
494.488
109.683
-643.142
-176.792
321.276
50.6947
-223.124
-174.145
-6.51828
-189.467
565.945
-114.159
-286.839
94.9086
109.882
-99.3982
492.543
-19.7427
578.841
-265.746
634.617
-76.3937
-280.018
-176.802
-51.5749
-58.2363
54.0723
240.762
-343.114
212.877
40.0627
139.279
-254.452
262.938
-244.78
-123.6
95.5288
-34.6591
127.333
111.672
176.838
-109.27
97.9779
4.86964
141.159
-30.667
-151.754
291.719
-204.167
-385.287
195.552
-18.7395
-249.687
160.04
29.4302
-29.3636
155.988
-82.7729
105.796
26.8235
-18.7801
235.324
2.2207
-114.122
10.691
159.729
235.212
11.4542
32.4689
210.437
71.2982
-84.9438
218.61
-58.2987
-377.351
-10.3714
-342.428
336.214
-43.4702
-291.238
134.767
-558.019
253.373
10.9626
58.5438
-178.694
163.146
65.4745
361.203
118.504
7.67314
128.515
-127.795
-66.454
-268.487
-401.241
-120.367
41.9445
-344.348
159.533
134.062
312.018
17.6362
257.267
-68.3303
-284.945
-622.337
734.893
-121.835
0.24741
-319.816
-239.353
-284.09
47.6928
85.4467
-27.033
-222.767
158.197
-257.688
-30.6845
-60.212
158.11
-143.744
-541.798
191.104
-142.103
-367.17
121.747
-74.5628
-143.921
-74.9241
211.639
72.0554
110.585
364.223
72.8037
181.944
187.127
292.627
-195.891
12.3198
-411.359
-34.9195
-37.5626
-393.296
514.533
47.3812
-273.235
141.785
73.636
538.999
-255.208
161.229
98.1038
141.996
-312.34
-21.3288
63.6339
-306.702
-257.913
214.957
-341.643
-283.755
-486.494
130.121
368.92
-190.831
-32.9261
58.382
-534.45
-76.9129
269.133
555.428
-417.351
408.523
39.3485
52.8295
-48.7867
104.512
-398.142
-211.753
-226.835
163.599
-110.337
-167.827
495.657
692.186
-108.267
-45.9213
4.45167
-259.207
-363.014
-72.4436
65.5154
-40.4499
-325.31
349.255
-49.4827
50.5952
36.6058
-346.735
-287.602
-79.1036
71.913
183.96
-242.408
-68.9903
-229.754
244.352
217.965
-439.358
54.5903
34.5084
-414.135
-213.194
154.827
431.659
143.73
-7.22328
-94.2698
-83.9306
-527.895
162.307
216.296
87.2497
37.0704
360.865
240.077
-497.679
394.116
127.005
382.131
-31.4509
10.4824
472.257
-140.194
-25.6925
119.515
179.971
-117.668
110.424
-241.908
269.388
238.957
-129.216
-86.1014
-61.9325
265.133
4.06603
146.014
487.837
-36.1729
135.603
309.852
22.2839
122.845
168.505
209.237
224.335
305.21
-213.013
-234.314
-271.705
-8.21379
-142.741
-16.3198
-92.0826
-89.6037
-326.582
-200.256
-387.514
67.2372
294.052
165.978
-386.362
-23.9973
-632.397
330.198
-272.034
-19.7249
-422.255
255.063
636.971
149.31
-336.105
79.3605
70.5425
-75.9056
-158.099
16.3109
-390.067
-371.765
80.7451
153.163
-209.219
106.961
555.164
-248.438
251.874
9.37275
-392.539
146.605
338.478
460.428
293.047
-202.2
-173.874
108.222
198.591
-722.754
-205.781
365.009
445.006
-144.96
-41.0489
105.856
-109.322
186.03
218.571
-4.5544
-39.8023
244.239
85.7947
-153.36
126.829
-65.9262
-483.114
272.168
78.3755
223.212
432.26
200.997
-148.923
229.868
-535.147
-130.424
360.232
432.555
-631.831
-737.34
-397.091
-605.047
203.846
-236.686
-179.494
68.7681
110.407
211.286
431.525
438.071
-23.6299
735.345
20.066
320.343
-481.746
-93.1916
123.099
177.239
13.4913
-338.02
117.608
225.759
-138.997
-135.872
-133.354
-23.5902
-360.25
-33.7319
452.987
145.161
-324.618
-78.1825
54.1749
184.209
99.7375
68.0139
223.939
109.063
349.642
-67.9615
156.765
59.0036
-519.073
20.1043
-91.1835
-50.653
188.866
-67.7958
-31.7196
61.1434
-454.705
568.49
-44.7392
-160.2
-117.824
681.423
86.7505
114.991
244.965
-380.572
-221.874
-251.914
445.945
339.071
205.795
240.155
-112.623
36.7257
434.167
765.194
159.585
15.0135
-169.129
84.0672
417.191
23.734
32.024
109.446
-385.138
-364.02
175.028
250.508
213.455
426.643
-234.049
-90.2588
395.753
324.444
380.732
106.768
107.21
52.8587
-345.275
301.2
-86.2338
-63.4599
-20.7568
-36.7084
-193.778
-647.077
-136.057
-11.8199
221.783
-125.923
443.229
168.332
149.784
-56.3954
52.4531
-316.444
868.742
251.002
386.035
-110.401
-423.185
-194.253
-206.776
-57.2857
-33.688
104.296
25.3196
-133.609
-315.003
430.71
399.662
28.6842
192.237
-337.453
-468.947
-192.148
-276.983
-231.007
397.723
594.116
79.7881
369.836
-63.9575
99.9008
335.738
72.7942
61.5154
-284.922
-160.328
293.916
339.207
235.984
-217.58
-97.8002
-90.6655
-48.8986
443.01
-199.145
-428.207
887.686
-391.247
270.137
209.515
49.3693
-6.50882
-26.7623
-232.579
17.5301
-372.887
-154.145
28.1261
-378.138
489.964
-241.809
-282.386
275.654
216.382
91.2403
-255.726
-171.38
54.1177
133.504
-361.721
-500.523
-6.08981
-22.536
129.803
-189.15
69.1923
353.096
-299.498
261.069
-86.6952
244.963
39.2964
70.4636
-352.925
-242.616
-155.986
265.532
-185.78
-500.475
-129.595
214.645
464.411
105.502
156.672
-97.3399
116.616
-314.068
266.701
512.282
-114.638
51.8486
72.1408
39.8407
-103.438
-24.2109
-110.904
170.952
166.488
123.598
-175.68
333.574
-139.489
74.7582
-172.416
-36.4981
45.7307
-94.6168
82.4732
-197.665
-426.501
-352.078
67.2823
-25.4422
572.078
258.183
152.58
107.352
71.9586
212.6
238.044
113.14
538.808
-207.315
281.374
-370.313
-355.047
-38.0767
287.462
387.302
38.3014
-277.631
181.903
-28.0866
152.83
243.288
390.227
28.3125
186.101
-101.155
163.168
-271.376
256.831
87.3881
-133.484
114.164
549.289
-188.074
147.575
188.554
433.128
-501.232
115.162
-47.0765
-276.288
-338.44
-158.363
147.607
163.425
303.747
-117.445
-167.029
792.62
211.82
-17.8533
117.963
-100.029
-338.367
-434.348
183.301
-76.2039
209.506
-246.533
9.04119
-181.737
-70.1555
135.442
-480.924
337.5
271.628
-171.159
133.248
-465.971
59.8902
-9.46791
-409.596
-519.023
-386.678
78.1237
165.474
-248.868
123.832
233.068
-27.3498
161.245
91.6084
-104.086
-333.693
0.473938
-256.721
-236.344
14.351
73.7394
-441.439
181.469
103.216
104.975
-42.3004
-206.723
261.019
-34.5205
79.7141
-222.903
3.46342
-61.2255
14.8938
761.631
-445.703
147.289
197.049
12.3403
0.991941
228.991
122.674
554.3
438.587
269.394
87.6501
-451.971
-135.909
-329.535
-258.414
-166.235
90.4812
-571.355
-65.9225
595.239
-241.432
105.865
-92.7919
41.1355
-39.1983
-124.005
183.408
-154.853
-264.666
-82.0102
-39.4483
-143.267
-163.536
168.785
-273.709
-73.9507
289.895
-212.293
-463.895
57.7705
-477.72
-176.79
-509.307
390.455
253.953
-291.286
59.4197
-178.678
145.518
-297.536
-109.675
-47.4594
46.8031
53.7315
-33.2938
90.4574
-110.665
373.454
108.69
86.9833
211.309
-256.954
-40.2542
295.294
-115.18
235.761
119.911
-159.423
-183.09
-133.796
265.828
89.306
-27.9551
-107.416
179.661
227.722
90.5775
-475.661
-175.972
174.084
353.776
-98.0064
-128.849
204.595
-3.23596
675.13
-345.156
-144.771
-137.195
367.594
-264.266
-64.7837
-210.025
363.733
30.8625
-1153.21
27.2065
-128.833
369.499
145.705
274.212
-170.448
91.2233
38.3804
-32.7096
-88.0435
399.406
489.67
-315.999
-444.76
-0.1822
250.998
-630.814
-153.005
-173.593
458.662
-183.957
-58.414
-370.205
158.449
157.845
367.873
11.9065
-200.886
284.967
-60.9757
296.55
521.348
-70.9292
-689.91
-78.3711
-281.424
73.4543
-198.853
529.526
-6.43156
783.342
91.4242
116.026
237.837
87.4082
95.3129
273.943
-114.828
-233.847
-61.5208
-321.058
-37.0879
62.8452
176.448
-88.0834
11.7912
-745.671
-155.079
7.76381
517.415
-11.4467
618.986
54.0169
397.996
319.175
138.52
434.302
48.1086
198.148
-391.338
288.236
57.5008
129.199
75.9082
-35.5027
-306.37
334.033
-103.921
3.97128
209.017
88.9871
49.1929
151.862
6.045
62.7673
255.776
-296.431
12.4099
345.382
-320.987
-234.428
324.76
-201.886
-451.163
-83.5362
-156.416
-336.364
-58.8198
-101.321
319.191
-243.659
226.69
-221.301
381.705
74.0503
27.7266
143.252
199.558
-271.528
167.802
-0.223768
277.189
256.3
-182.452
-324.889
-62.0074
19.9087
103.75
318.177
-565.71
316.827
-107.986
-182.798
-310.687
309.645
39.2777
-57.1464
71.0326
411.126
111.573
186.347
-195.486
0.617388
-132.344
251.307
72.9637
10.6533
299.858
-275.869
-35.7325
-256.197
-96.5784
-287.341
207.878
-151.804
491.804
518.621
314.548
394.733
12.1146
214.572
-215.689
461.562
-194.233
-320.698
77.2124
-645.474
-4.48417
79.6763
-173.744
111.005
322.006
-42.4039
-656.924
305.381
194.264
177.986
69.8251
181.037
178.206
-301.852
116.461
-342.768
-6.72146
474.914
-52.4215
150.516
10.1208
35.1504
256.971
-107.535
-360.219
375.587
275.828
347.373
-154.941
-138.075
-374.557
278.94
-163.218
-62.1539
-98.2404
256.51
323.991
-84.2143
28.1822
-86.2399
-535.508
-164.093
-87.5342
222.467
-314.125
-399.889
511.997
-101.933
-109.023
174.982
-703.384
-364.102
-122.647
355.616
-490.569
-232.747
-72.299
122.939
-4.27245
-87.7845
608.969
-900.565
-61.4514
190.298
38.9334
166.949
186.835
53.1192
14.8694
-309.346
217.498
-123.654
305.71
13.7311
-4.97843
-120.062
10.2074
578.628
-293.149
-74.0362
-58.4876
-367.416
315.733
133.729
81.9505
-142.092
209.664
-469.32
360.03
73.9537
-191.337
-5.02184
-60.2983
-476.243
-18.5964
254.644
-283.902
-198.111
-58.0487
-270.906
371.834
540.142
-210.32
-245.242
439.62
405.637
-89.6779
564.725
160.177
-145.194
214.381
-251.248
-325.898
-592.377
47.7428
21.6595
-309.482
97.6073
81.6148
51.6758
-204.279
-36.4243
177.805
315.281
-37.3886
-110.419
214.393
264.778
-256.077
329.044
100.051
351.313
565.981
-5.7562
642.422
50.6294
21.4957
414.733
132.282
199.39
-87.7522
146.703
179.769
344.126
328.964
335.476
-141.485
123.447
72.6857
6.51907
404.516
217.275
332.759
-1.23207
129.368
-0.147854
-10.9963
-173.825
-5.58116
136.258
113.413
360.384
-311.908
349.174
-14.4081
-243.989
86.8144
57.8238
420.352
59.5946
264.862
-4.00433
-301.198
-252.046
-209.193
297.26
97.5044
-98.6589
-133.816
182.005
63.4707
22.6307
358.928
-372.968
51.7527
171.808
186.985
-90.0719
-175.605
151.356
91.7457
-53.3819
339.55
239.893
18.8187
418.627
-167.973
178.268
-116.396
162.859
-177.367
-247.42
-63.6111
-143.353
280.53
612.498
-509.811
-155.946
111.079
-103.688
225.177
69.5124
109.461
-49.5899
-536.444
72.7861
-270.383
-99.1575
-35.7978
-61.6481
-303.688
-173.606
-282.778
-32.0902
-60.9462
-377.132
-320.176
359.401
46.7736
-547.223
535.968
-137.155
155.061
-46.9051
205.475
-108.829
-164.996
-61.3534
-186.366
-625.854
-133.237
-338.095
-240.539
343.567
396.567
67.1994
349.679
-471.323
410.779
-67.421
-94.0537
-350.725
102.817
-78.4232
-237.377
58.9274
-126.121
293.968
-248.149
-468.748
264.15
-241.922
-227.706
-145.961
-45.0033
-202.341
-72.9286
433.859
374.011
-9.9491
-344.928
102.113
212.102
-0.416711
38.4335
42.0879
504.163
181.382
-114.041
-7.27123
250.901
162.332
97.3602
-123.689
31.0262
311.266
-7.75059
294.091
-324.155
242.716
16.6784
-229.511
-305.116
392.981
-290.97
-124.534
121.361
-334.23
116.135
438.633
252.023
293.879
-256.88
-246.043
31.5169
-237.933
83.1458
-172.569
-284.832
-350.824
-17.2205
-337.153
-254.845
207.273
121.35
19.6323
-170.763
-133.875
-112.324
-76.5719
-215.319
-117.585
-217.294
222.761
206.74
45.5008
-22.1933
-44.0382
141.829
251.97
391.86
-394.112
-132.979
148.109
488.394
345.312
0.0876484
-804.375
169.453
-95.8814
105.485
229.399
-502.377
-38.2238
-385.646
4.50255
87.4891
22.9352
396.553
-721.161
-162.477
-128.255
-178.396
313.973
304.822
-5.1149
-7.10043
228.189
-289.5
-53.4176
-235.091
-234.708
-73.7154
-375.92
56.5354
363.6
85.4896
-310.371
-68.3173
-17.5137
314.191
-53.6498
84.346
94.7872
-73.0906
-164.244
-312.801
44.3704
61.378
164.133
-8.29372
395.72
136.379
-258.074
-291.175
-258.325
172.836
-205.636
7.6489
431.295
275.023
125.337
314.68
-123.268
-276.744
119.628
-243.474
-233.064
117.717
157.982
-148.236
137.532
339.44
223.165
-477.444
222.173
152.378
-527.898
-579.187
183.457
-172.423
50.0007
-41.523
177.376
-400.545
-259.298
-113.642
590.088
295.505
-135.522
-177.606
152.573
395.64
-155.749
65.9224
-95.8697
193.029
104.277
57.6653
327.221
-197.191
-251.448
-297.652
-495.759
-413.477
50.4733
-226.658
215.199
-311.517
-339.536
-324.734
540.044
5.00338
319.976
57.3707
-24.9745
-563.347
326.422
120.766
768.348
-194.603
-259.917
-420.772
37.1162
447.11
-328.725
-271.179
66.3866
40.8551
-103.376
73.6595
-257.805
-46.0711
112.716
-116.138
52.3533
118.84
-331.317
-36.7188
-188.586
352.936
-43.249
113.627
317.162
-391.323
164.836
-195.284
-83.4615
44.1177
84.6436
133.515
-233.697
-65.8615
-357.1
-76.2187
498.543
187.621
135.778
299.06
12.2141
104.526
-288.608
-99.1969
-249.051
-82.6019
-158.517
47.3902
-144.483
348.842
455.952
195.132
-306.698
118.6
-298.188
-223.871
-117.236
232.509
71.7061
-48.4029
-179.857
-391.517
-295.411
235.867
-94.8904
-154.058
460.233
379.572
-166.317
-67.5044
260.141
307.249
1.87098
4.17878
-298.097
-111.428
197.629
172.226
-301.102
118.065
249.331
-413.582
-57.3285
142.595
-100.32
89.1217
116.933
404.567
197.052
525.916
3.02803
-644.568
100.277
237.181
-258.344
-20.8612
369.804
215.761
-68.825
652.222
-124.577
-48.8375
300.473
-321.609
283.312
7.62967
235.098
-45.2161
-10.5722
678.449
39.6468
499.381
-164.096
-245.902
367.37
350.069
-6.73573
428.984
19.7696
173.353
78.224
799.882
376.448
367.504
150.277
201.342
170.429
-367.798
208.068
-147.23
268.024
-399.238
-57.6734
-324.55
-17.8153
-133.66
-404.672
216.336
228.737
-46.694
320.133
26.12
25.2328
139.951
160.798
190.823
-94.4626
94.8214
-592.317
-129.933
-434.623
267.543
363.026
59.3946
182.149
-477.243
82.8574
-37.4357
242.962
-175.724
198.169
86.3012
-89.606
68.0648
343.462
-123.28
111.93
-18.8956
117.762
150.991
149.722
-26.487
-68.6302
126.475
124.284
238.484
115.001
415.591
-260.415
-129.655
672.309
273.97
232.329
-312.072
203.068
-112.2
16.2179
-258.312
-57.7386
117.38
-78.0337
226.038
-363.728
40.1461
309.478
-58.0996
16.1407
200.065
48.8331
-361.047
207.076
338.648
162.105
-328.949
-208.278
-339.994
-281.107
-120.931
243.311
-280.327
38.7789
399.166
392.849
149.354
243.584
-305.23
144.831
-188.423
-512.086
174.391
-211.973
-180.982
-158.337
-393.271
63.6029
258.022
250.216
617.097
493.23
173.155
-176.822
503.455
36.0412
143.046
-171.169
67.4021
361.387
-34.3339
179.345
-64.5747
7.08079
629.433
-146.656
282.139
201.159
-135.336
156.586
489.33
183.899
-88.0272
216.671
-14.9838
92.9684
206.067
12.7851
-521.267
-83.4215
87.3986
-198.321
144.987
222.829
96.1678
-28.8448
199.538
229.785
-133.132
-226.568
153.935
-107.884
196.713
-80.488
304.304
288.669
376.742
314.842
-32.8638
287.354
-113.717
119.628
114.073
419.541
-144.282
-102.158
-192.786
352.072
353.646
179.86
-39.0546
-158.326
-140.739
-153.337
474.694
-73.0035
342.578
195.764
149.451
29.0501
379.21
323.569
-124.125
37.9628
40.4591
151.245
99.0085
-268.945
232.687
-530.662
-151.532
459.807
-129.067
-93.6179
642.739
-218.288
-100.664
139.935
-230.599
-307.055
119.208
126.852
-232.069
46.3797
-502.181
-261.696
-173.457
-179.339
90.9222
164.746
-433.239
-292.848
168.739
393.497
-438.023
254.248
122.265
-44.0573
-11.3128
252.525
114.002
-498.085
0.754438
143.868
-284.1
14.0313
67.4632
-371.575
-342.476
91.3783
51.5661
-40.2688
80.0792
190.013
-448.034
-118.99
-238.651
-57.7534
6.54699
-508.125
81.3321
156.948
7.3814
-88.6684
-61.8597
182.401
24.5906
-151.869
-66.2015
255.072
242.326
267.151
-526.82
-358.839
-181.077
-674.328
154.815
274.151
527.431
54.1932
-328.065
439.769
-311.663
53.4414
230.416
140.583
-263.48
321.292
-316.581
-196.815
-348.024
146.24
-19.1774
-48.7153
-551.72
-143.252
-166.199
410.535
269.69
250.418
-175.258
-316.186
469.872
-241.355
83.9618
338.529
173.989
-158.087
-91.8942
113.216
-129.898
41.0477
236.47
-487.127
-145.981
780.063
58.5976
67.2718
-67.5815
354.792
-349.188
-124.8
-333.977
-320.86
-44.2032
218.995
223.746
-125.681
-49.3485
97.2453
-537.223
-404.606
-514.102
-333.634
132.764
186.28
-498.359
624.711
4.53065
1.63392
561.448
185.898
-25.8324
328.959
-60.0567
-84.4088
-544.901
-287.764
103.246
-90.2485
-269.058
-398.891
-369.931
-689.552
-73.3877
-17.5607
140.579
741.433
-199.685
117.042
308.595
-54.5829
-211.007
332.808
-102.726
417.411
-324.101
480.064
31.1601
-27.4724
-38.0205
29.535
-429.729
-313.207
367.512
-18.7535
76.9173
16.3219
-218.888
-342.239
257.148
-186.438
-24.9943
387.949
40.3335
170.111
300.127
-17.3165
-59.9803
220.235
-8.53923
311.513
-46.9852
-143.354
-305.079
-99.2701
463.956
-2.09759
-58.5159
-179.434
-290.619
366.635
161.359
-392.331
-212.067
31.2953
-84.7671
95.0133
240.519
226.319
-115.821
-214.075
-138.71
-438.226
-306.617
-246.532
230.243
-149.488
-0.750417
406.549
-167.518
93.2141
-49.7939
71.4804
83.1696
442.573
-183.192
423.057
227.961
-158.695
251.452
-241.784
-108.945
-58.189
23.3121
192.328
-433.346
5.41798
-320.186
-425.609
-241.589
155.757
33.6162
499.423
-16.8686
9.53838
-27.8153
-61.0219
-599.977
-330.276
-459.678
418.634
-25.9148
267.767
-289.176
-270.68
453.391
-650.758
-459.908
-364.373
187.676
280.882
582.741
-409.732
-204.516
-164.944
365.979
175.732
196.84
-333.513
248.513
323.198
131.57
-107.807
384.736
343.991
-187.392
394.946
-304.835
-187.695
200.854
-108.06
236.852
467.989
-171.814
-359.482
-86.125
351.521
-532.752
-156.914
-195.766
-194.434
175.461
-260.562
-120.895
282.898
-285.987
-344.063
-503.565
-197.216
528.337
-120.72
77.3591
350.994
88.9164
-214.914
130.001
-145.183
77.8234
204.656
-300.621
194.055
42.5629
291.229
-164.018
-96.3694
-236.978
-187.722
-249.803
320.994
54.4382
-447.565
-157.407
-310.122
25.7064
243.534
216.719
-416.212
13.5157
492.583
-241.809
-555.637
107.834
169.146
-237.205
-303.31
-18.2418
157.189
49.8327
-335.34
69.439
172.051
224.662
345.049
257.293
-20.9509
301.171
-412.124
-287.595
257.012
134.008
-245.275
-106.977
124.536
251.52
342.854
-47.2985
178.425
-138.225
153.63
-332.908
36.432
-61.8447
386.752
597.169
-260.737
-97.7029
479.661
-66.243
18.3392
-70.3313
-335.745
-241.216
-126.102
-722.168
-145.186
6.61304
-60.3767
192.302
-190.661
-139.019
-72.1344
84.8058
-1.93053
44.9207
292.349
-302.575
-72.6789
76.7056
106.743
462.228
101.445
158.102
-184.324
-201.113
-146.366
-91.8051
-3.29206
-3.60038
126.606
-27.0698
-163.463
57.0699
205.307
-163.579
-461.863
351.381
-95.2886
-309.92
-87.292
-381.365
197.752
378.919
179.669
-31.6085
134.707
-30.5426
9.00802
105
-106.567
198.52
-379.118
-403.972
-203.903
196.518
323.502
398.291
-128.558
-44.1253
167.442
-210.614
462.992
206.039
-84.8163
60.5674
-140.727
109.756
-171.641
9.89489
436.533
288.178
-66.3309
-161.557
-74.264
-54.7705
377.215
371.912
-117.177
-196.638
-27.1779
-85.6911
117.885
224.997
84.9038
32.1025
-83.293
-271.241
-204.949
690.644
-341.13
-240.151
299.472
105.111
-11.3733
182.226
73.6261
-27.3074
-125.823
-422.929
-47.7405
142.097
46.4933
-11.8962
149.599
-44.0029
352.221
124.448
266.789
12.2427
-394.412
134.844
159.358
-76.8309
-79.2162
16.2816
-466.565
225.442
-6.36282
396.921
268.515
-186.214
-121.062
52.7383
287.816
-75.6994
-289.92
-231.245
-469.308
17.725
387.043
454.411
-172.026
271.111
745.042
105.74
-81.0569
-145.044
-95.3659
243.296
136.384
-143.566
285.514
-8.34151
-190.745
106.404
-20.4244
-0.5905
318.129
130.212
129.789
336.579
-257.411
-118.42
472.614
377.481
-112.025
234.13
91.666
-152.342
36.0317
-147.309
-130.273
-163.466
-145.991
-183.139
-303.082
-132.261
-196.977
-686.888
34.2146
142.118
-593.115
62.3803
24.484
-284.502
-44.6856
-314.884
23.389
-222.506
-48.7088
79.161
-29.1048
-376.588
-171.768
-210.427
507.946
-10.995
159.067
-466.007
-54.7435
-191.757
-447.318
-219.536
177.117
65.7141
-168.541
85.7321
152.449
48.4353
399.447
-68.0861
-138.33
66.4875
511.691
72.6195
106.565
-134.07
-28.7284
83.2832
-432.032
335.446
243.056
373.724
-347.68
117.646
-210.417
-182.065
79.4943
316.774
-523.122
-249.14
-242.508
175.832
-125.785
-32.6512
76.2896
-154.601
-26.9129
180.444
211.605
119.698
-417.965
-28.3459
-472.005
206.989
-445.147
156.936
-325.821
141.146
73.8534
310.301
368.935
47.3363
203.1
267.619
444.513
-209.057
226.292
-362.617
-158.595
636.303
-117.968
288.596
62.5496
299.782
321.329
290.871
-254.625
364.992
-62.6312
16.9367
-450.629
-66.983
-205.842
560.339
379.972
408.313
250.074
282.82
13.956
-75.5127
197.842
104.258
-117.441
-101.834
-16.88
-10.1988
-307.273
-211.407
-298.602
-397.546
3.90755
-168.021
-128.165
-111.669
-420.833
2.05512
-119.557
97.2532
80.4683
237.704
-231.868
367.72
-164.745
-217.671
500.499
-694.764
-284.029
-447.137
-183.707
196.438
712.869
127.052
56.2911
-144.726
-124.781
61.4725
-324.405
224.156
-195.964
590.221
73.2311
269.321
-100.372
-296.914
92.9148
307.552
-75.2274
82.5496
-247.506
-187.864
132.461
251.063
55.7751
166.911
-371.887
262.879
-164.455
-113.836
127.532
-42.4935
138.326
-79.2269
236.398
1.26041
-185.709
-282.315
-256.665
292.574
45.0229
279.703
137.411
188.173
-264.692
-117.082
36.4667
303.218
-202.749
-233.195
184.265
218.962
-499.672
-336.09
104.542
-773.342
-21.039
57.5449
-136.132
15.6139
224.772
-846.222
-37.3387
169.434
-60.1963
210.318
33.5848
516.528
397.927
-157.912
382.385
-171.476
-248.693
-134.847
367.34
156.212
-493.483
287.124
-103.893
462.232
210.271
-108.621
330.7
-33.7462
73.5897
-159.983
42.2468
-152.528
29.6676
-293.673
-153.154
266.116
164.682
-40.0255
-163.721
-93.3136
-95.2877
-50.7951
160.527
-39.317
143.702
-93.9044
24.2947
-112.209
-452.488
-170.644
-222.533
-1.40459
-347.656
-42.6835
-617.371
58.255
50.3899
-252.348
177.239
380.025
396.851
-118.007
-408.163
-282.207
-1.07159
96.9273
-267.749
-125.277
197.918
121.259
-42.345
-994.574
-136.352
-137.374
206.679
-653.304
126.346
-467.436
162.166
196.681
137.247
153.411
278.148
-101.392
352.925
-214.441
-389.478
288.098
-22.2939
80.3321
-593.921
-10.06
-22.5954
59.2064
175.229
230.566
32.0478
476.643
101.773
216.985
-251.006
106.603
26.9398
190.447
-124.285
-159.5
367.7
0.224841
-100.396
23.4346
67.0619
-346.27
-459.259
157.364
100.014
-195.019
-713.365
-67.0782
39.3956
-127.679
-33.7559
93.8877
-91.601
-258.273
-139.229
407.609
-668.945
588.033
-191.934
431.007
295.16
202.691
-447.41
-65.8332
354.804
-9.38342
84.0759
-88.9999
-131.223
-359.599
-340.602
74.3365
194.992
-80.4475
144.132
-378.195
448.283
336.121
88.8025
474.187
-70.6926
-246.691
157.791
104.392
-102.863
-233.255
243.18
67.0576
-97.4637
106.835
-65.1125
-475.927
77.9057
227.291
-11.3815
-477.815
65.1952
-6.03561
149.371
400.689
-188.063
-63.6481
-112.901
-363.482
62.4742
220.55
131.517
44.1457
103.421
-206.145
-350.603
100.516
104.869
309.916
-162.403
-250.813
-44.8731
113.234
149.859
289.722
257.68
34.5993
-51.7295
136.046
-383.992
-152.763
455.986
2.93137
-66.0106
514.929
240.878
196.594
-161.538
201.758
-156.008
-14.7222
24.0422
-312.173
28.8774
-233.393
-29.8133
427.168
243.859
469.033
31.3997
16.3606
312.859
-255.068
-50.5536
86.2795
-252.092
-191.243
153.153
-255.748
33.804
112.876
81.8057
-95.7663
-439.189
204.947
-336.012
162.574
5.76781
124.021
-244.616
214.064
1.41785
-60.7393
-403.9
96.0186
-73.0709
-24.636
99.6312
86.0069
-480.678
61.418
-98.7051
139.282
-31.9213
202.928
-287.315
-382.369
108.076
-251.044
146.541
-49.1465
410.618
-188.765
-112.779
-225.968
49.5284
-174.759
214.619
-540.971
382.841
330.142
74.3841
-47.2201
125.639
-10.5873
325.398
-260.45
2.66854
-99.3044
104.248
-103.988
-178.838
-325.857
-164.122
9.66373
181.357
-81.0433
-108.672
-127.004
204.251
-2.92255
560.869
-43.9179
-125.38
104.758
522.388
-156.851
-213.274
-63.1459
-109.657
533.592
-47.9325
-364.39
-12.479
67.5082
293.32
-316.553
-142.373
-423.875
-196.162
-113.355
285.723
346.089
50.4257
267.361
509.782
-61.5953
89.2701
211.635
22.6462
-199.797
-156.634
-117.566
-29.8491
423.098
11.0997
14.8002
25.6646
-11.4426
-100.383
-64.5602
311.778
214.221
4.68507
-50.2708
-803.957
160.041
-11.1703
46.6414
-79.5605
-168.418
479.844
260.787
65.803
65.7465
-538.112
377.802
-200.305
-267.793
142.083
-152.709
49.0259
28.6644
-66.9974
-110.402
-506.491
138.823
-62.4168
74.423
-188.052
92.1671
-32.6957
-350.986
-264.569
98.5475
-14.6532
-349.269
-32.6599
341.781
-140.549
163.134
67.5683
-289.128
62.0317
36.3223
212.127
-72.5709
332.01
-100.725
39.1905
-67.9306
-386.573
140.387
-96.4458
297.304
68.2417
-477.59
3.87456
-807.153
56.0018
204.647
14.9878
-624.747
67.4748
-203.84
-217.291
-151.014
306.505
-19.6163
98.1765
-55.4423
-272.703
-340.803
-223.474
126.151
-239.987
277.684
186.766
582.871
485.289
187.038
-22.1516
382.07
-20.8588
305.552
-106.119
474.119
236.694
664.197
371.589
31.543
-54.6947
-192.517
139.692
247.318
-6.10696
-152.351
4.80279
-221.484
315.056
-61.7888
-161.576
131.937
-216.983
204.339
45.1511
-222.328
-175.256
-121.764
-165.762
479.242
259.315
11.1002
41.4421
138.26
494.058
191.322
-242.315
462.067
727.785
353.792
-436.114
586.242
-27.0744
-174.207
-433.257
-279.626
-572.624
28.058
-547.632
-42.9791
-467.014
-83.3627
141.964
-145.364
-104.425
267.835
-171.709
226.574
-379.6
22.4758
90.6241
312.809
270.005
-34.3254
-188.492
-301.464
373.3
97.1168
69.0869
404.875
-151.833
209.117
-131.322
5.54604
147.777
-594.154
14.3839
-11.0112
-117.385
267.777
-173.493
318.538
97.8469
-188.032
-160.116
89.4
-222.507
-1.2797
-124.897
-467.492
-392.201
-298.568
-203.415
10.2527
-220.947
586.253
-13.5094
2.3029
-242.255
493.739
36.6356
-7.75526
-290.185
-12.5293
234.572
183.794
-155.842
-14.4373
-135.249
84.1063
23.9382
287.675
255.07
-127.512
-137.632
-366.63
-141.169
-359.196
-132.554
629.142
645.681
71.0906
241.81
12.4954
267.736
321.159
-49.3695
50.837
-254.211
48.4417
332.715
-131.508
94.5992
265.298
267.211
-180.092
-210.241
-53.9066
241.823
-506.112
204.387
209.446
220.915
27.2206
-143.155
215.198
9.1948
166.383
205.744
398.392
-23.7448
215.831
-477.694
-30.2326
242.859
-207.118
-201.497
353.234
75.8826
101.696
379.963
405.103
-183.082
28.852
189.066
148.044
-175.788
134.515
40.6864
-69.3017
-1.77582
-248.09
-210.009
442.923
-266.866
58.924
-443.509
-27.7925
292.748
-208.83
-31.368
533.607
-428.313
-129.4
-458.353
145.604
257.542
-297.277
-67.7412
-46.3045
35.5506
-40.0002
230.117
-217.331
-212.771
147.821
422.115
-110.353
56.1712
182.882
-192.039
317.916
-206.874
233.98
192.454
-109.732
167.031
166.945
-70.4382
220.436
-96.4287
86.2452
68.6514
480.462
115.548
-261.053
135.791
47.5772
-180.047
39.9128
656.273
-109.91
-364.836
56.1252
-19.7949
-138.591
92.7032
77.708
-104.981
127.856
62.0909
-121.201
30.2026
53.9467
214.553
164.503
-223.786
-14.7751
-88.7226
61.3175
-203.315
-123.624
400.435
569.115
-88.5737
119.343
-204.804
298.022
79.0598
-143.623
-311.757
-572.264
-203.576
-37.7906
-133.711
-77.5635
-32.9398
156.553
-334.208
-143.429
9.66155
280.13
167.975
-4.18226
-535.461
82.4409
228.027
255.914
203.269
-203.858
-249.827
17.6992
-18.1334
-437.86
139.827
323.663
-228.684
468.026
191.947
180.091
14.2605
-298.882
128.007
594.596
117.244
-254.346
-50.1586
31.7774
402.616
73.8729
-160.956
264.515
-166.93
-491.68
8.45746
38.5009
-15.4485
141.741
140.688
160.491
336.549
-445.525
-347.059
285.162
172.334
154.842
-183.162
6.49342
523.109
106.002
-2.68157
-5.38732
180.481
-594.645
99.2953
-183.043
-25.1692
226.99
12.625
-220.941
168.016
-22.4967
-140.658
637.797
340.057
299.221
-117.842
224.263
-14.0226
-647.915
166.822
-36.6903
33.1755
118.307
-321.616
-175.881
-190.708
138.976
30.0248
-204.681
-130.681
159.891
-71.4538
-420.814
20.7991
291.662
337.896
21.6433
-137.959
275.943
97.8962
-126.49
86.7008
-332.823
392.174
-316.637
-98.1213
-293.665
-387.209
-325.577
-39.1305
-36.3864
11.0001
-110.688
-540.894
-84.5219
413.875
-213.401
47.5146
300.66
344.914
-25.7257
239.836
-276.815
68.6197
-36.0869
-867.033
258.136
59.4982
-384.426
-77.8479
-103.997
-164.518
-716.589
-147.665
5.2916
149.235
20.1607
531.895
17.8538
249.284
-81.3816
140.065
533.798
199.342
-248.594
159.922
264.099
-318.781
-69.2053
-166.204
-246.555
29.0251
201.269
-234.406
-178.124
152.048
-269.131
102.162
589.888
-98.1621
368.759
-150.433
-244.212
357.949
241.555
-163.938
-59.6656
-128.233
-13.4871
267.208
-71.6643
28.7432
359.696
225.02
-213.395
-78.5843
-273.576
-672.058
-175.096
-32.776
-73.8715
97.6614
207.871
73.3176
-27.5334
354.492
19.244
253.652
-486.229
-71.2435
-320.971
459.06
-155.737
-143
-151.837
-10.1058
434.583
301.238
-214.114
332.503
-265.788
-192.65
415.316
-200.037
-330.767
-116.664
161.49
209.1
-100.787
-23.0579
-49.4012
-65.4788
-94.2405
190.873
-84.9891
-1.03891
-159.679
23.6928
441.831
95.1096
-156.275
-499.741
-91.5943
-188.389
82.975
-218.43
695.089
-439.539
16.6529
-79.913
242.396
343.848
20.667
-206.286
464.686
-0.726556
137.015
135.93
-74.6857
-137.58
-200.706
-193.546
-179.836
113.419
36.0109
-19.216
136.346
-326.774
173.566
-393.258
296.694
178.489
-195.977
-102.069
-319.105
-164.849
27.578
-207.398
-76.3462
-205.075
632.237
-61.8174
167.999
-53.6307
-13.9972
65.9908
36.3277
18.0194
-366.654
153.509
-39.8993
183.546
-313.467
-204.328
244.456
-26.584
-58.5189
395.894
536.45
-228.414
-271.071
293.639
-26.7356
-35.4263
-79.515
-70.0691
323.715
169.904
230.183
347.958
494.193
507.61
128.756
-277.045
171.024
-32.8822
-132.739
114.407
10.6711
-338.883
-16.8918
-234.023
-587.068
-204.996
154.443
139.4
177.172
193.196
65.2522
50.4785
153.968
580.968
-10.6812
-4.46051
-139.32
-396.406
94.0794
-78.6493
520.785
-411.943
-233.212
-16.849
443.906
242.662
299.779
268.541
36.0719
-140.565
-66.6717
-134.508
-476.689
-256.616
397.753
-256.005
-113.221
243.546
-36.5932
331.704
-560.675
264.979
-80.6303
-67.8408
-449.894
396.86
-332.849
-914.613
314.404
288.584
-453.193
256.464
524.823
202.066
-512.716
80.5345
59.901
169.915
432.601
-193.632
-112.534
135.265
-89.3334
514.649
87.4752
-132.161
360.337
135.088
-43.359
4.95046
354.13
-190.752
63.2365
-224.902
65.584
130.001
-115.199
-516.312
-144.626
336.036
181.445
-4.6193
-14.3347
-516.005
-235.438
306.21
34.4875
-60.4913
-57.1709
128.533
-76.0494
405.096
-144.258
-947.689
-142.158
79.6408
216.949
-275.718
-272.68
-528.216
-160.74
134.72
177.536
459.821
30.0972
-294.788
209.702
-335.692
-55.7484
-301.581
-90.4353
-106.181
246
-86.0786
-168.178
-415.282
-17.187
-379.89
183.031
86.2568
-196.878
-106.451
244.531
185.611
-50.7858
148.066
-31.9137
-61.4886
-63.2104
-191.826
-459.711
-224.375
161.267
238.367
368.813
206.368
-239.859
105.623
370.248
156.768
-3.35521
-440.791
56.2448
-344.813
-18.5961
228.127
-218.991
-413.657
63.7987
-95.4315
246.584
256.604
371.771
-441.359
-102.511
-627.659
-209.578
-288.728
69.7195
436.352
300.981
-109.334
62.9126
373.391
-441.148
95.9331
334.802
40.2856
-40.641
434.918
4.2005
-96.0991
-12.7846
-131.579
-1.98464
124.312
-495.235
-136.023
-459.072
23.1944
-167.699
-4.07188
-209.063
152.699
125.396
132.015
-57.1406
201.555
-622.114
-191.044
-447.623
-204.188
-255.726
-314.293
187.035
-221.179
-304.132
407.798
16.0527
17.5572
296.026
135.776
-14.9413
-365.913
269.75
-112.661
21.8629
-33.7675
-246.041
353.655
-108.718
26.08
-373.184
-118.145
16.8311
51.6133
-216.092
-339.287
-32.3293
-675.869
186.312
288.701
96.3879
40.0668
-387.435
-44.6818
-133.499
526.189
38.2366
-111.813
287.715
400.943
142.465
30.8741
153.359
124.474
-335.118
319.972
-223.49
-123.025
-290.131
-448.528
-53.4069
35.4498
-129.133
295.761
-190.389
-4.31264
509.037
-111.847
230.201
-81.4372
299.87
164.193
259.252
5.78299
-205.084
154.77
-26.5961
-615.265
-7.81582
196.956
-189.19
-36.4975
-35.1246
76.9729
345.691
-119.041
-301.879
33.0885
83.4556
-525.044
247.94
217.917
-123.096
-41.8789
181.693
30.6714
-272.717
-88.3171
-32.8792
98.5649
-68.8873
20.0208
-225.13
138.064
-268.727
9.97158
-405.273
53.6139
412.445
22.9617
115.077
-316.368
131.592
279.967
0.0511259
-74.2107
347.728
95.73
-174.822
32.5823
-83.7039
-4.37575
508.116
214.051
68.2052
-210.305
179.726
-0.463612
-640.277
141.229
-119.586
-351.898
-374.077
-198.459
-259.159
-328.489
142.181
304.672
-126.518
-33.2842
500.381
262.338
-14.6208
138.86
-145.285
-158.679
35.7035
-128.581
-408.439
128.021
-148.009
-39.277
42.5958
-397.186
361.999
163.294
13.7784
76.1789
54.2982
-158.957
201.763
-202.727
288.268
156.184
272.082
162.71
-33.0219
368.827
216.835
-45.9931
-97.0861
-385.129
-14.0156
104.474
127.487
294.226
-107.097
417.387
117.021
45.9356
443.336
-103.786
301.443
-48.3869
158.841
-32.8975
98.3546
-334.002
-218.187
57.9689
-319.143
-115.189
91.5503
32.0259
78.5042
49.8473
121.248
-38.0234
-18.6964
487.3
84.7409
329.232
-99.1049
198.2
-238.602
-128.77
58.3197
242.709
386.041
115.78
148.648
-121.872
5.89098
-185.351
235.736
-269.428
-57.9936
44.3936
-316.836
-64.619
-253.298
-402.487
-349.198
167.126
-408.437
-71.7416
255.551
110.849
-258.263
-222.276
-3.35058
365.705
268.656
217.725
-310.703
-548.702
-324.593
119.38
-187.215
373.153
-62.6771
-290.831
27.7613
-510.76
-276.343
-343.908
12.0537
238.984
305.372
572.028
-351.415
-358.509
-106.387
-0.781954
96.5803
168.272
-2.5976
241.31
-116.808
184.674
204.723
323.81
-306.547
-188.123
380.99
-64.4131
452.693
188.416
-500.015
166.818
-414.871
14.8644
92.156
191.096
-136.915
-74.9971
142.521
395.505
88.5829
-459.82
86.8231
50.9634
77.8583
-278.123
544.241
-18.2133
-19.0884
73.4057
-340.32
-441.192
122
339.007
-280.7
513.368
41.2047
-104.312
-325.5
19.9007
-212.137
162.76
406.273
-150.041
-556.811
161.445
-31.5395
-19.2832
134.92
-552.692
-66.4267
-124.854
174.586
-54.254
130.323
426.153
-209.304
65.8188
338.562
-232.949
211.633
527.237
-90.0993
108.365
280.319
-77.312
-345.039
100.824
469.882
26.9083
-803.939
-104.559
56.2355
-164.487
-599.373
269.313
268.492
307.467
-304.183
28.4983
-47.9955
-244.259
-10.4667
-138.218
-208.929
14.1024
76.9382
187.766
-233.845
-123.389
-327.38
-456.581
44.3449
-604.144
-267.789
171.573
14.8932
-318.121
305.967
-349.61
203.557
277.612
356.858
226.864
-127.242
232.876
-425.921
193.262
359.301
-236.042
207.455
-9.41441
182.189
-173.252
-184.148
-5.99594
191.476
10.5102
-47.0744
-303.53
-72.8654
384.176
134.861
-104.414
214.306
-235.864
-344.422
53.1496
-1247.72
197.724
-89.1146
-536.616
-170.474
273.451
2.95063
-487.881
99.9597
-108.941
-42.908
-16.9969
-153.296
66.4438
-32.7175
127.087
161.773
51.9591
191.347
203.241
222.587
167.378
-89.0299
72.9844
238.577
-515.565
11.5064
-82.421
-597.258
273.704
-87.8694
-367.688
-3.91624
-182.549
238.272
226.744
573.209
-402.98
27.2963
-287.337
271.248
-21.6221
54.7969
20.5458
87.4984
-129.279
110.454
209.607
88.785
-210.095
72.0811
-47.8549
-246.96
-254.675
288.984
-311.648
-523.187
-240.8
-41.7424
-166.397
-205.474
30.9931
83.2419
-463.426
163.902
25.2103
88.6689
-437.764
-0.476552
-282.206
-128.931
176.971
-663.983
90.0642
-201.307
-160.544
250.195
-355.373
64.1524
138.006
865.456
-429.54
214.62
471.565
212.481
338.229
-354.688
-250.563
168.919
35.6154
32.0742
-237.409
-229.274
233.653
-164.649
747.071
305.103
207.915
-196.344
-292.977
-267.597
-440.897
-208.633
175.846
-19.4512
322.173
288.092
303.541
294.265
-140.251
-320.749
-232.03
39.7661
12.2796
-180.15
88.1107
-109.751
518.443
-20.3593
-131.483
468.487
151.068
-61.6774
130.484
-163.942
88.4908
30.215
573.292
-225.247
10.8387
-197.591
92.7087
410.248
389.747
274.025
-128.771
160.221
218.003
-8.0695
2.89823
104.264
-134.821
-515.406
195.5
-379.45
122.01
160.635
-190.586
-270.571
588.854
374.708
-394.043
314.444
-427.822
-143.862
579.15
313.092
-218.813
-4.56663
191.866
180.419
176.855
-228.553
-152.236
-29.4357
411.754
-250.794
-67.3996
-142.441
-243.054
134.513
365.37
-308.498
-30.3583
162.857
-177.309
273.774
-211.723
-165.224
-682.185
6.01836
-98.036
32.1643
24.1286
-47.8554
-408.081
-151.509
355.868
-8.8509
-14.4887
482.528
-207.194
-88.7287
-8.31626
7.44018
-353.911
-39.3496
-368.706
-241.646
-129.447
-145.791
-226.889
198.853
292.614
255.419
359.283
59.7314
104.361
-47.506
-139.953
95.9806
99.4239
133.697
447.2
